999937
999867
999640
999559
999507
999500
999114
999004
998919
998915
998793
998546
998383
998248
998132
998009
997992
997944
997839
997770
997710
997671
997537
997523
997341
997258
996897
996611
996603
996392
996189
996058
995520
995443
995398
995100
994997
994884
994588
994385
994321
994188
993960
993957
993836
993650
993181
993032
992990
992834
992816
992794
992221
992211
992149
992088
992003
991943
991826
991786
991759
991746
991721
991681
991660
991658
991624
991620
991617
991308
991242
991212
991194
991101
990986
990984
990796
990721
990492
990260
989977
989708
989659
989551
989488
989186
989177
989055
988747
988537
988459
988458
988439
988309
988284
988167
988007
987903
987880
987790
987694
987668
987653
987428
987322
987234
987207
987200
987084
987069
986821
986799
986675
986587
986532
986495
986224
986138
985797
985732
985601
985591
985527
985525
985465
985401
985302
985121
985039
984406
984333
984238
984118
984039
984037
984026
983786
983542
983540
983520
983503
983244
983019
982911
982901
982873
982770
982625
982606
982569
982471
982383
982335
982183
982154
981994
981841
981545
981473
981463
981399
981114
980843
980568
980430
980357
980289
980203
980162
979976
979930
979699
979680
979633
979625
979571
979466
979463
979454
979395
979392
979311
979289
979283
979267
978904
978890
978789
978756
978721
978446
978273
978236
978177
978009
977947
977687
977647
977586
977575
977317
977169
976806
976712
976521
976281
976073
976031
975944
975921
975911
975776
975609
975415
975402
975390
975382
975232
975171
974998
974726
974221
974056
974032
973798
973698
973546
973279
972556
972380
972359
972314
972211
971603
971388
971339
971264
971238
971237
970893
970886
970835
970560
970554
970469
970288
970178
970007
969915
969632
969591
969551
969544
969384
969228
969194
968815
968650
968603
968548
968370
968324
968270
968252
968231
968199
968061
967983
967870
967745
967693
967440
967176
967086
966921
966844
966638
966575
966417
965729
965551
965499
965269
965205
964952
964943
964792
964651
964421
964321
964212
964163
964001
963489
962801
962744
962664
962500
962458
962279
962225
962037
961904
961820
961770
961718
961683
961477
961403
961391
961271
961113
960310
960259
960189
960149
959923
959818
959717
959511
959426
959140
958998
958711
958616
958424
958415
958403
958393
958388
958202
958040
957899
957451
957450
957396
957356
957278
957193
957100
956929
956625
956542
956524
956398
956221
956108
956058
955823
955718
955649
955483
955131
954889
954636
954562
954518
954484
954231
953996
953691
953484
953384
953219
953210
952996
952785
952655
952633
952529
951907
951875
951725
951646
951604
951565
951329
950946
950829
950796
950725
950360
950307
950255
950171
949757
949706
949654
949553
949474
949473
949254
949003
948789
948662
948661
948657
948633
948607
948428
948258
948081
948072
947999
947908
947651
947633
947604
947412
947345
947261
947218
947040
947003
947000
946888
946676
946423
946370
946367
946327
946210
946208
946102
945999
945936
945879
945813
945727
945435
945417
945144
945109
945108
945039
944897
944875
944789
944595
944337
944268
944192
944041
943931
943910
943870
943783
943532
943214
942944
942835
942804
942556
942439
942078
941976
941940
941823
941732
941671
941636
941595
941141
941099
940969
940933
940758
940681
940385
940242
939942
939587
939512
939351
939313
939249
939174
939027
938921
938905
938898
938780
938542
938526
938513
938296
938289
938032
937938
937585
937397
937344
937324
937253
936988
936945
936944
936767
936460
936408
936314
936176
936174
936038
935939
935929
935655
935630
935386
935351
935138
934936
934863
934689
934565
934463
934423
933878
933862
933656
933641
933498
933370
933331
933165
933050
933018
933000
932898
932781
932747
932361
932273
931518
931399
931366
931345
931319
931262
931222
931204
930761
930496
930127
930118
930012
929490
929178
929178
929086
929039
928964
928897
928782
928679
928662
928536
928530
928314
928311
928212
928198
928193
927337
927293
927130
927109
926931
926757
926324
926214
926169
926064
925977
925950
925907
925682
925581
925553
925313
925158
925091
925067
924944
924843
924657
924629
924568
924411
924319
924143
924084
923793
923764
923747
923551
923522
923439
923337
923117
923089
922959
922828
922802
922793
922642
922564
922513
922463
922281
922189
921996
921774
921721
921356
921309
921220
921081
920904
920635
920555
920381
920364
920315
920293
920263
920156
920140
920051
919948
919872
919825
919655
919371
919025
918984
918963
918721
918631
918564
918423
918324
918225
918176
917834
917772
917735
917637
917629
917545
917492
917474
917202
917150
917049
917023
916980
916861
916785
916654
916503
916501
916486
916419
916310
916287
916237
916162
915969
915916
915881
915313
915308
915260
915251
915104
914956
914656
914562
914546
914534
914513
914368
914269
914255
914112
913934
913791
913732
913694
913634
913372
913324
913235
913042
913027
912976
912933
912924
912921
912768
912560
912554
912457
912298
911981
911863
911861
911648
911647
911537
911519
911461
911000
910893
910853
910836
910630
910548
910299
910227
910071
909991
909948
909935
909929
909700
909609
909471
909318
909315
909253
908972
908918
908838
908791
908714
908356
908237
908202
908119
907887
907770
907545
907478
907413
907356
907342
907337
907301
907298
907164
907151
907015
906843
906734
906624
906577
906467
906283
906173
906113
905974
905970
905903
905791
905706
905658
905549
905467
905266
905122
905014
904896
904867
904822
904664
904644
904592
904443
904419
904391
904385
904367
904351
904332
904242
904167
903769
903440
903430
903260
903250
902953
902839
902656
902342
902136
902026
901622
901588
901542
901474
901444
901421
901367
901226
901126
901093
900934
900799
900742
900689
900474
900366
899971
899859
899654
899546
899539
899516
899407
899008
898819
898741
898599
898465
898168
898145
898115
898100
898010
897800
897778
897722
897718
897708
897670
897662
897590
897564
897504
897240
897174
897162
897107
897026
897019
897007
896941
896860
896821
896813
896670
896565
896522
896293
896105
895898
895515
895352
895295
895243
895083
895023
894853
894443
894400
894245
894209
893992
893725
893640
893557
893371
893355
893289
893279
893203
893128
892951
892928
892917
892902
892841
892840
892716
892603
892371
891984
891751
891482
891473
891269
891233
891091
890960
890887
890568
890167
890109
889999
889560
889283
889210
889140
889066
888960
888838
888756
888541
888380
888261
888217
888149
887731
887385
887282
887249
887224
886943
886936
886800
886577
886446
886352
886305
886278
886197
886053
885727
885692
885579
885316
885310
885201
885084
884855
884567
884469
884137
883983
883982
883808
883776
883732
883694
883545
883209
882888
882614
882570
882514
882409
882301
882289
882229
881953
881862
881814
881620
881409
881226
880918
880724
880605
880516
880452
880393
880320
880210
880159
880008
879908
879903
879448
879441
879228
879218
879146
879115
878984
878932
878919
878901
878853
878849
878771
878711
878616
878404
878318
878297
878238
878228
878177
878164
877837
877680
877640
877611
876786
876745
876341
875901
875556
875265
875141
874995
874910
874680
874307
874257
874125
873925
873888
873849
873835
873763
873579
873474
873377
873334
873308
872970
872954
872897
872759
872479
872467
872325
872238
872223
872137
872064
872017
871978
871895
871791
871763
871760
871576
871507
871284
871228
871121
871069
870953
870808
870633
870578
870248
869886
869850
869756
869702
869576
869566
869471
869357
869213
869212
869083
868979
868864
868833
868686
868259
868239
868157
867985
867981
867923
867890
867690
867475
867366
867271
867259
866922
866901
866875
866716
866698
866634
866631
866525
866450
866069
866059
865900
865869
865698
865669
865667
865590
865465
865437
865425
865313
865297
865250
865242
864903
864840
864710
864679
864529
864297
864268
864133
864091
864084
864006
863953
863899
863863
863763
863391
863359
863310
863059
862992
862863
862774
862625
862590
862438
862317
862249
862070
862004
861761
861297
860935
860881
860847
860836
860814
860594
860221
860001
859784
859572
859553
859530
859238
858977
858973
858912
858889
858646
858645
858537
858290
858060
857784
857751
857597
857514
857512
857336
857235
857217
857112
857017
856980
856963
856324
856206
855830
855478
855453
855437
855340
855253
855209
855159
855120
854913
854655
854610
854545
854457
854291
854144
853947
853833
853794
853731
853726
853661
853515
853474
853157
853139
853013
852551
852529
852192
852095
852028
852016
851968
851925
851895
851746
851634
851617
851376
851362
851285
851260
851244
851223
851174
851149
851114
851032
851021
850978
850760
850665
850443
850394
850240
849669
849650
849613
849598
849361
849358
849313
849190
849135
849105
848884
848833
848226
848212
848198
848151
847545
847524
847346
847003
846944
846851
846809
846760
846601
846533
846287
846231
846085
845756
845675
845513
845472
845081
844932
844768
844685
844492
844212
844070
843925
843610
843535
843355
843061
842482
842444
842433
842409
842332
842244
842089
841893
841848
841629
841492
841374
841133
841051
841010
840971
840875
840827
840818
840719
840674
840609
840308
840291
840249
840089
839952
839757
839757
839601
839438
839424
839336
838763
838738
838671
838516
838335
838163
838091
837708
837693
837600
837435
837137
837081
837057
836974
836840
836767
836535
836482
836399
836384
835969
835922
835913
835834
835806
835793
835731
835671
835643
835560
835557
835338
835116
834861
834785
834739
834508
834475
834427
834343
834293
834044
833985
833781
833780
833760
833640
833487
833271
833251
832999
832923
832877
832833
832780
832738
832689
832665
832565
832526
832387
832374
832348
832117
832082
832066
831974
831938
831878
831785
831547
831542
831445
831427
831345
831179
830623
830341
830329
830279
829985
829923
829781
829697
829584
829188
828843
828612
828225
828206
828188
828104
827844
827750
827504
827420
827366
827331
827204
826935
826905
826304
826271
826244
826177
826035
825675
825304
825302
825058
824964
824904
824689
824634
824317
824114
824088
824010
823796
823644
823601
823470
823346
823266
823253
822851
822773
822429
822389
822379
822255
822070
822020
822015
821775
821639
821233
821165
821150
821078
821057
820875
820648
820276
820187
820122
819930
819897
819879
819854
819709
819699
819692
819640
819631
819527
819372
819200
818992
818983
818876
818780
818708
818578
818562
818556
818552
818440
818401
818375
818299
818139
818015
817931
817581
817414
817397
817311
817218
817215
817096
817045
816940
816723
816578
816497
816485
816323
816197
816136
816114
815918
815714
815531
815304
815187
814971
814599
814597
814506
814280
814120
813997
813851
813807
813508
813482
813383
813260
813229
813131
812949
812924
812902
812625
812518
812432
812204
812120
812039
812006
811938
811788
811569
811460
811437
811336
811257
811199
811073
811047
811014
811004
810875
810689
810250
810135
810067
810047
810046
809922
809902
809720
809719
809474
809446
809343
809294
809269
809169
809067
808803
808777
808746
808389
808363
808318
808233
808119
808052
807872
807259
807098
807036
806803
806583
806573
806415
806298
806141
806086
806003
805938
805869
805781
805767
805675
805599
805562
805478
805370
805282
805254
805155
804967
804736
804695
804688
804377
804219
804087
804060
803702
803694
803673
803495
803293
803259
802979
802965
802881
802813
802600
802580
802333
801968
801833
801567
801459
801451
801383
801375
801211
801197
801096
801004
800878
800876
800735
800580
800571
800558
800545
800398
800363
800057
799840
799832
799675
799671
799609
799303
799090
798857
798813
798778
798580
798463
798394
798205
798108
798099
798072
797962
797708
797585
797580
797291
797261
797236
797162
797081
797075
797048
796921
796873
796861
796734
796489
796402
796334
796331
796019
795932
795904
795771
795749
795638
795566
795489
795439
795351
795278
794982
794887
794822
794584
794444
794359
794113
794089
793890
793872
793855
793830
793780
793750
793416
793315
793171
793049
793032
793008
792726
792715
792542
792462
792376
792376
792148
792071
792045
791893
791877
791829
791673
791636
791619
791480
791471
791358
791145
790962
790837
790503
790403
790286
789933
789918
789893
789768
789715
789709
789659
789485
789460
789371
789312
789279
789130
789081
788870
788779
788773
788734
788576
788291
788145
788121
788011
787824
787618
787208
787200
787093
787062
786766
786686
786683
786324
786260
786259
786246
786225
785982
785478
785464
785419
785402
785261
784980
784881
784733
784623
784440
784378
784130
783907
783810
783757
783658
783539
783480
783312
783200
783192
782820
782544
782494
782424
782340
782309
782270
782241
781898
781803
781776
781744
781460
781457
781288
781278
781072
781054
780532
780438
780340
780151
780069
779917
779858
779845
779666
779621
779258
779203
779186
779178
779109
779029
778985
778892
778641
778595
778426
778419
778417
778252
778246
778089
777998
777977
777893
777758
777715
777446
777414
777163
776999
776948
776896
776857
776840
776727
776542
776526
776295
776277
776150
776132
776075
775491
775334
775300
774923
774867
774647
774455
774400
774379
774240
773717
773525
773433
773322
772859
772752
772693
772627
772614
772437
772130
772039
771981
771900
771684
771635
771510
771503
771414
771339
771303
771272
771019
770837
770751
770732
770447
770298
770150
769700
769615
769613
769481
769418
769403
769355
769307
769289
768852
768846
768731
768576
768431
768095
768042
768017
767824
767566
767478
767404
767268
767251
767042
766970
766944
766828
766713
766603
766512
766482
766479
766470
766450
766266
766233
766220
766214
765911
765903
765686
765549
764919
764850
764775
764470
764437
764414
764405
764375
764305
764169
764051
763986
763901
763810
763792
763697
763650
763584
763080
763004
762910
762753
762617
762562
762051
761955
761893
761565
761521
761462
761461
761372
761269
761244
761159
761155
761089
760995
760807
760746
760683
760506
760231
760003
759993
759799
759407
759249
759053
758826
758740
758440
758344
758325
758290
758279
758071
758027
757531
757384
756936
756817
756775
756688
756612
756470
756288
756132
755941
755731
755476
755426
755400
755300
755101
755032
754865
754500
754397
754372
754042
753947
753931
753818
753807
753698
753669
753493
753339
753318
753257
752827
752821
752758
752649
752482
752467
752232
751985
751640
751466
751456
751440
751365
751269
751172
750951
750652
750528
750384
750379
750183
750106
750076
749966
749747
749711
749043
748896
748567
748497
748461
748451
748177
748046
747875
747773
747396
747344
747257
747243
747182
747110
747079
746695
746692
746644
746512
746337
746258
746190
746107
746046
745796
745739
745639
745523
745437
745354
744866
744817
744757
744743
744740
744729
744557
744266
744250
744131
744066
743969
743966
743746
743569
743255
743234
743153
743135
743098
743076
743039
742888
742703
742503
742282
742237
742151
741951
741406
741374
741361
741129
741081
740987
740815
740787
740747
740294
739969
739735
739676
739553
739472
739191
739071
738862
738846
738809
738780
738766
738762
737752
737676
737625
737499
737149
737108
736953
736916
736557
736541
736246
735870
735548
735211
735154
735133
735018
734990
734663
734635
734174
734137
734118
734112
734026
733883
733855
733807
733624
733319
733310
733236
733224
732838
732791
732740
732714
732501
732238
732202
732179
732119
732062
732057
731845
731772
731610
731555
731519
731474
731423
731336
731232
731171
731108
731087
730950
730734
730674
730574
730548
730282
730253
730212
730073
729855
729736
729684
729654
729628
729575
729278
729140
729044
728998
728839
728828
728817
728579
728478
728176
728012
727821
727715
727696
727660
727560
727392
726877
726840
726553
726424
726419
726413
726165
726106
725861
725665
725637
725341
725210
725155
724782
724552
724351
724342
724292
724220
724149
724142
723866
723796
723710
723521
723487
723486
723170
722998
722960
722893
722612
722591
722584
722274
722273
722185
722084
722059
722002
721814
721808
721793
721674
721672
721652
721588
721582
721536
721518
721477
721317
721203
720988
720952
720670
720442
720230
719992
719760
719642
719481
719407
719350
719163
719043
718821
718477
718475
718371
718317
718269
718256
717735
717635
717608
717545
717472
717357
717158
717146
716519
716383
716359
716298
716203
716187
716130
716128
716029
715909
715540
715508
715335
715289
715270
715250
715125
715061
714973
714755
714681
714678
714670
714634
714611
714442
714388
714382
714262
714003
713907
713570
713526
713341
713260
713013
712972
712813
712707
712572
712538
712269
711994
711973
711959
711886
711672
711664
711595
711530
711466
711424
711312
711299
710909
710904
710557
710276
710135
710098
710086
710002
709679
709670
709471
709322
709266
708972
708875
708864
708726
708724
708721
708698
708277
708218
708104
708021
707986
707603
707484
707444
707252
707155
707021
706946
706937
706929
706926
706922
706771
706670
706663
706625
706599
706541
706298
706242
706101
706012
705424
705399
705286
705180
705134
705124
705076
704879
704643
704604
704569
704388
704185
703745
703707
703644
703497
703446
703438
703300
703078
703078
703008
702983
702756
702060
701845
701608
701409
701181
701129
700732
700716
700484
700472
700277
700233
700168
700153
700036
699963
699951
699759
699448
698935
698909
698804
698628
698519
698498
698492
698420
698346
698323
698209
698138
698106
698004
697791
697538
697421
697328
697325
697208
697066
696944
696938
696930
696875
696873
696842
696722
696547
696496
696476
696349
696325
696140
696072
695916
695837
695722
695600
695080
694843
694642
694502
694501
694449
694106
694106
693992
693873
693871
693746
693726
693522
693408
693363
693335
693333
693233
693001
692926
692785
692725
692136
691969
691610
691007
690884
690862
690822
690394
690294
690249
690093
689835
689698
689601
689554
689503
689469
689381
689005
688848
688847
688585
688555
688435
688200
688048
688023
687993
687993
687627
687537
687534
687448
687214
687171
687146
687140
686672
686237
686168
685621
685343
685326
685195
684946
684680
684586
684337
684322
684297
684138
684033
684000
683849
683513
683128
683072
683060
682824
682792
682264
682240
681799
681609
681530
681455
681379
681266
681156
681009
680984
680952
680816
680354
680214
680108
679863
679804
679570
679474
679445
679383
679306
679286
679285
679230
679006
678958
678771
678604
678604
678465
678250
678078
677612
677484
677374
677326
677201
677196
677009
677001
676978
676895
676734
676583
676474
676369
676360
676339
676306
676305
676281
676150
676109
675970
675925
675890
675698
675601
675543
675493
675414
674898
674712
674340
673940
673885
673826
673440
673394
673229
673104
673077
673073
672945
672894
672664
672562
672548
672362
672323
672261
672091
672026
672017
671861
671765
671723
671545
671454
671374
671297
671200
671105
671094
670982
670808
670754
670572
670457
670429
670284
670198
670105
669652
669582
669510
669482
669210
669149
669148
669133
668879
668865
668785
668648
668373
668347
668291
668234
668152
668103
668035
667923
667834
667712
667611
667503
667246
667176
667071
666984
666934
666928
666896
666808
666516
666451
666302
666243
666225
666179
666165
666132
666089
666085
666063
665954
665953
665862
665846
665771
665629
665606
665560
665415
665262
665157
665034
665023
665018
664885
664638
664610
664495
664232
663775
663771
663448
663375
663283
663197
663076
662951
662496
662456
662385
662230
662157
662117
661902
661507
661505
661491
661321
661265
661247
661147
661115
661050
660966
660779
660731
660532
660324
660171
660093
659903
659849
659819
659634
659612
659602
659515
659389
659251
659174
658944
658232
658176
658056
658006
657733
657483
657427
656719
656610
656582
656454
656418
656206
656067
655989
655976
655902
655885
655858
655752
655623
655622
655594
655427
655242
655133
654846
654645
654580
654527
654363
654322
654240
653768
653622
653528
653524
653480
653203
653142
653132
652876
652813
652657
652490
652490
652330
652107
651915
651897
651859
651819
651391
651299
651089
650963
650909
650719
650497
650473
650420
650414
650380
650192
650149
650064
649927
649889
649837
649828
649205
649183
649110
649094
649067
648985
648983
648979
648766
648658
648415
648281
648277
648161
648160
648145
648036
648006
647905
647748
647702
647585
647579
647414
647311
647279
647234
646701
646576
646502
646460
646385
645918
645699
645683
645211
645036
644918
644643
644586
644467
644344
644206
644076
644042
644008
643940
643900
643814
643716
643400
643358
643304
643294
643101
643065
643026
642948
642859
642833
642782
642707
642582
642560
642231
641940
641643
641256
641157
641032
640737
640614
640361
640104
640101
639996
639733
639569
639552
639483
639399
639380
639209
639198
639026
638950
638827
638790
638697
638447
638275
638181
638158
638132
638120
638112
637959
637821
637745
637740
637702
637623
637061
636959
636843
636834
636721
636535
636513
636187
636182
635828
635680
635675
635343
635327
635202
635029
634854
634771
634758
634673
634618
634456
634406
634348
634299
634288
634228
634196
634177
634118
633829
633781
633542
633272
633263
633033
632972
632845
632813
632637
632321
631976
631762
631270
631129
630840
630428
630409
630330
630102
629909
629775
629406
629369
629289
629216
629154
629011
628880
628827
628627
628624
628573
628546
628454
628393
628213
627994
627732
627510
627341
627332
627257
627145
627140
627135
627039
626687
626553
626540
626425
626038
625935
625699
625691
625661
625656
625453
625439
625355
625246
624661
624633
624586
624306
624264
624100
623896
623865
623499
623438
623342
623326
622877
622815
622752
622623
622442
621962
621951
621911
621844
621607
621558
621539
621460
621389
621249
621228
620918
620908
620837
620495
620431
620429
620245
619888
619747
619729
619632
619288
619274
618994
618759
618711
618680
617999
617925
617740
617677
617234
617188
616991
616959
616905
616847
616782
616734
616664
616460
616456
616368
616354
616340
616203
615906
615740
615379
615083
614856
614659
614629
614279
614275
614132
614011
613983
613981
613872
613689
613668
613598
613571
613436
613026
612916
612862
612636
612464
612229
611763
611706
611220
611077
611067
610999
610837
610827
610736
610722
610660
610361
610099
610022
609941
609883
609751
609738
609711
609630
609624
609504
609421
609373
608547
608502
608475
608397
608256
608226
608111
607980
607619
607404
607341
607286
607101
606929
606681
606611
606292
606081
605997
605890
605778
605589
605487
605359
604680
604514
604495
604382
604368
604136
604116
603877
603746
603650
603446
603244
603211
603120
602808
602739
602545
602397
602297
602147
602133
602079
602001
601997
601980
601547
601410
601261
601049
600935
600821
600784
600725
600699
600637
600626
600608
600575
600545
600475
600446
600437
600381
600306
600212
600030
599953
599911
599873
599794
599611
599568
599457
599206
599154
599143
598798
598796
598756
598416
598026
597870
597868
597645
597385
597139
597060
596929
596917
596868
596658
596655
596616
596526
596493
596412
596339
596234
596167
596046
595840
595718
595547
595241
595099
595010
594960
594861
594709
594649
594531
594288
594230
593949
593718
593632
593571
593325
593236
593182
593144
593081
592977
592956
592841
592677
592608
592494
592062
592011
592010
591919
591880
591774
591729
591673
591642
591597
591565
591411
591214
591026
591011
590806
590733
590668
590463
590395
590368
590243
590211
590178
590100
589950
589936
589882
589783
589705
589666
589615
589536
589203
588968
588737
588726
588533
588473
588335
588318
588192
588126
587958
587814
587798
587796
587354
587065
586858
586766
586708
586704
586415
586390
586383
586348
586312
586110
585742
585736
585635
585632
585626
585615
585436
585208
585172
584969
584660
584616
584431
584349
584119
584118
584103
583942
583893
583801
583756
583698
583416
583180
583113
583047
583038
582922
582857
582833
582806
582763
582683
582677
582616
582480
582430
582217
582159
582149
582050
581949
581903
581847
581758
581472
581428
581387
581292
581198
580976
580900
580853
580651
580557
580351
580019
579983
579980
579956
579826
579823
579483
579282
579135
578773
578349
578054
578038
577816
577789
577600
577286
577205
577203
576981
576888
576850
576845
576467
576356
576337
576028
575862
575776
575651
575429
575279
575201
575190
575188
575032
574994
574837
574830
574821
574682
574476
574440
574431
574350
574214
573925
573925
573819
573783
573677
573473
573452
573416
573306
573136
573095
573039
572976
572906
572799
572696
572568
572436
572101
571926
571865
571793
571776
571636
571587
571352
571248
571027
570997
570936
570489
570423
570328
570295
570235
570066
569799
569711
569671
569449
569285
569272
569134
569086
568665
568526
568267
568260
567852
567670
567547
567216
567191
567141
567124
566925
566899
566810
566788
566736
566688
566610
566542
566384
566378
566335
565983
565730
565597
565487
564858
564795
564528
564307
564267
564211
563937
563707
563654
563633
563622
563157
562994
562983
562972
562806
562789
562771
562743
562495
562263
562198
562025
561944
561917
561825
561644
561641
561633
561577
561519
561478
561289
561199
561171
560814
560776
560656
560311
559937
559699
559428
559341
559329
559078
559037
559032
558962
558877
558290
557974
557827
557701
557684
557284
557248
556964
556941
556925
556791
556638
556521
556411
556390
556299
556252
556210
556197
556160
556135
556115
556069
556058
555794
555648
555595
555540
555414
555041
554989
554827
554777
554459
554337
554018
553874
553787
553767
553569
553485
553368
553366
552998
552678
552671
552492
552390
552382
552190
552183
551986
551685
551523
551430
551344
551004
550901
550719
550719
550606
550440
550426
550205
550093
550076
549793
549733
549552
549506
549394
549376
549144
549048
549015
548817
548717
548690
548639
548568
548464
548311
548159
548120
548103
547851
547485
547381
547348
547301
547178
547037
546947
546854
546466
546449
546432
546404
546142
546137
546133
545611
545318
544967
544838
544556
544443
544273
544145
543953
543935
543905
543887
543779
543754
543752
543517
543299
543256
543233
542992
542747
542612
542490
542437
542431
542395
542344
542332
542190
542171
542132
541944
541934
541841
541409
541407
541382
541342
541283
541203
541145
541095
540945
540900
540812
540772
540670
540116
540041
540003
539885
539754
539637
539530
539144
539056
539010
538847
538822
538789
538638
538470
538316
537980
537836
537832
537815
537748
537243
537201
537175
536946
536833
536792
536750
536585
536553
536375
536173
536092
536043
535980
535851
535418
535187
535000
534854
534755
534612
534595
534524
534451
534219
534002
533998
533967
533952
533919
533570
533429
533417
533399
533095
533056
532843
532817
532813
532278
532207
532207
532141
532034
531839
531817
531586
531535
531496
531366
531118
531063
530986
530978
530924
530758
530685
530580
530478
530325
530081
529997
529853
529530
529099
529026
529011
528688
528529
528496
528217
528191
528057
527747
527648
527556
527533
527389
526744
526710
526443
526381
526365
526291
526265
526249
526072
526051
525978
525942
525805
525775
525757
525746
525626
525602
525291
524745
524725
524654
524652
524548
524191
523625
523487
523473
523425
523387
523269
523096
523006
522926
522760
522577
522500
522427
522328
522262
522258
522085
522019
521926
521791
521753
521554
521490
521445
521344
521286
520894
520801
520649
520515
520204
520045
519904
519851
519798
519671
519640
519265
519159
518886
518660
518470
518323
517810
517768
517699
517624
517252
517182
517048
517018
516898
516721
516607
516590
516571
516384
516284
516258
516154
515874
515830
515769
515754
515754
515499
515335
515104
514745
514611
514583
514424
514118
514111
514098
513767
513608
513436
512782
512420
512324
511991
511882
511843
511640
511503
511400
511196
511190
511182
511065
511052
511051
510703
510608
510464
510388
510091
509996
509941
509829
509519
509414
509245
509159
509116
509066
508922
508836
508639
508592
508555
508236
508212
508206
508203
508149
507888
507845
507772
507771
507427
507351
507258
506912
506898
506681
506441
506424
506411
506404
505817
505806
505669
505652
505649
505620
505524
505331
505245
505236
505170
505035
504904
504865
504751
504660
504586
504518
504000
503793
503671
503097
503043
502960
502600
502577
502551
502494
502434
502398
502004
501865
501425
501155
501149
500903
500736
500732
500643
500606
500328
500245
500208
500127
499811
499811
499549
499201
499180
499082
499017
498787
498785
498377
498202
498147
498146
498011
497845
497637
497600
497314
496982
496895
496642
496637
496601
496474
496400
496314
496281
496247
496098
496073
495632
495366
494911
494839
494591
494548
494449
494415
494328
494102
494090
493942
493817
493748
493445
493160
493050
492750
492663
492550
492461
492402
492136
492074
492026
491999
491953
491790
491555
491322
491096
490666
490537
490212
490198
490183
490157
490113
490067
489527
489478
489476
489295
488912
488708
488293
488146
488111
488012
487997
487895
487867
487242
487158
487031
486931
486856
486777
486280
486031
485905
485879
485672
485666
485582
485301
484938
484900
484823
484686
484670
484647
484401
484250
484143
484143
484013
483996
483996
483915
483757
483471
483185
483108
483063
483060
482919
482586
482497
482442
482412
482403
482333
482258
482036
482003
481595
481546
481393
481373
481318
481167
481042
480818
480779
480406
480216
480117
479936
479765
479727
479564
479482
479361
479259
479236
479147
478969
478896
478517
478408
478308
478153
478125
478093
477492
477396
477358
477204
477004
476621
476419
476410
476381
476315
476156
475949
475747
475729
475570
475545
475539
475410
475260
475089
475002
474777
474419
474092
474052
474049
473973
473860
473649
473453
473399
473318
473195
473100
472972
472817
472601
472503
472490
472322
472289
472231
472220
472200
472103
472030
471992
471791
471776
471750
471636
471589
471335
471266
471199
471184
471062
471014
470854
470654
470550
470515
470423
470326
470315
470258
470197
469660
469605
469568
469503
469309
469277
469129
468920
468895
468868
468772
468622
468610
468581
468555
468507
468469
468469
468397
468374
468184
468172
468158
468086
468021
468012
467899
467869
467839
467786
467466
467299
467238
467151
467111
466876
466635
466465
466264
465618
465431
465334
465181
465079
464862
464670
464256
464250
464134
464098
464054
463642
463489
463443
463393
463368
463106
463104
462689
462650
462517
462390
462363
462263
462104
462100
462034
461883
461693
461644
461585
461444
461342
461325
461088
460741
460504
460501
460348
460168
460153
460070
460069
459898
459830
459518
459286
458861
458836
458653
458551
458411
458262
458238
458146
457761
457729
457714
457329
456936
456887
456541
456510
456508
456501
456498
456328
456105
455840
455809
455618
455600
455305
455178
454943
454854
454804
454652
454644
454376
454204
454032
454019
453962
453723
453710
453552
453549
453545
453426
453338
453220
453163
453159
452711
452624
452361
452358
452352
452320
452283
452128
452122
451813
451701
451537
451515
451510
451314
451314
451143
451105
451092
450946
450841
450800
450692
450659
450646
450294
450196
450128
450001
449825
449791
449774
449623
449343
449164
449065
448894
448446
448414
448407
447885
447877
447752
447550
447250
447160
447076
446666
446644
446627
446620
446506
446398
446268
446085
445908
445701
445644
445553
445515
445411
445242
445030
444896
444701
444647
444616
444539
444444
444423
444382
444357
444327
444195
444118
444036
443243
443215
443178
443117
442896
442893
442874
442646
442401
442258
442174
442134
442001
441834
441781
441631
441387
441332
441203
440993
440883
440480
440225
439597
439507
439458
439455
439427
439364
439014
438992
438938
438835
438679
438368
438314
438260
438091
437938
437842
437590
437534
437530
437508
437467
437417
437356
437014
436800
436561
436529
436494
436490
436484
436442
436437
436405
436338
435966
435793
435656
435448
435258
434415
434405
434332
434246
434195
433915
433907
433898
433583
433560
433199
433145
433044
432997
432955
432880
432843
432751
432741
432589
432483
432210
432009
431847
431780
431334
431202
431162
431080
431041
430863
430783
430627
430607
430366
430230
430142
430104
430038
429984
429943
429717
429559
429305
429294
429243
429217
429178
429143
429129
429056
429049
429020
428891
428545
428380
428155
428112
428083
428083
428054
427990
427580
427558
427457
427383
427265
427241
427223
426965
426913
426906
426870
426777
426655
426651
426478
426232
425994
425903
425779
425609
425503
425487
425442
425305
425234
425065
425048
424778
424775
424689
424560
424458
424266
424255
424224
424013
423835
423564
423446
423364
423338
423178
423154
423103
422666
422660
422498
422418
422264
422127
421960
421826
421718
421666
421602
421545
421506
421355
421343
421294
421134
421086
420817
420776
420761
420760
420759
420727
420667
420642
420584
420158
419529
419484
419083
418789
418778
418621
418617
417616
417454
417382
417204
417167
417065
416793
416774
416717
416315
416293
416045
416032
415995
415910
415815
415654
415413
415348
415268
415146
415143
415080
415011
414461
414337
414337
414177
414127
414054
413926
413917
413901
413863
413607
413430
413214
413061
413030
412871
412863
412755
412607
412390
412249
412003
411829
411771
411649
411489
411443
411282
411225
411175
411010
410990
410878
410814
410654
410380
410159
410153
409885
409866
409741
409700
409593
409028
408836
408815
408784
408665
408384
408160
408084
407589
407572
407437
407351
407098
406983
406978
406662
406570
406413
406376
406360
406047
405996
405986
405858
405795
405711
405576
405375
405258
405224
405087
405009
404780
404658
404633
404558
404501
404479
404399
404283
404089
403904
403875
403843
403754
403727
403564
403349
403259
403251
403185
403014
402803
402622
402451
402193
402193
401988
401741
401616
401428
401412
401402
401192
401184
401157
401068
400911
400822
400618
400514
400007
399994
399797
399789
399746
399623
399517
399464
399430
399347
399174
399060
398972
398791
398610
398347
398246
398119
397987
397593
397581
397543
397535
397459
397309
397210
396875
396835
396750
396380
396245
395951
395818
395816
395802
395723
395697
395577
395492
395432
395350
395288
395165
395139
395130
395109
394957
394840
394786
394699
394619
394538
394497
394379
394010
393959
393938
393930
393669
393625
393612
393587
393548
393511
393395
393238
393210
393172
393119
393028
392980
392856
392798
392603
391967
391945
391707
391698
391663
391612
391560
391346
391099
391062
390873
390797
390230
390046
389907
389891
389878
389710
389683
389657
389607
389522
389493
389443
389305
389101
388660
388585
388566
388427
388411
388294
388279
388159
388065
387928
386841
386737
386465
386172
385951
385834
385413
385282
385231
385199
385042
384823
384632
384552
384437
384379
384303
384187
384005
383990
383928
383889
383807
383772
383654
383582
383429
383289
382933
382817
382694
382490
382309
382252
382217
382165
382156
382097
381877
381872
381702
381689
381646
381541
381449
381403
380979
380852
380528
380192
379979
379865
379854
379740
379708
379559
379516
379422
379296
378835
378710
378706
378678
378360
378208
378163
378000
377938
377877
377786
377743
377658
377658
377542
377494
377413
377409
377348
377347
377295
377269
377175
377167
376852
376780
376398
376161
376117
376007
375777
375529
375282
375219
375071
375029
374875
374863
374809
374682
374651
374639
374636
374601
374456
374241
374091
374072
374049
373692
373349
373277
373237
373236
372824
372733
372720
372695
372568
372419
372244
372054
372054
371976
371904
371786
371751
371695
371434
371411
371253
371114
371113
370944
370657
370565
370536
370529
369955
369874
369780
369653
369649
369616
369611
369518
369313
369165
369093
368995
368845
368643
368349
367978
367791
367735
367717
367005
366945
366789
366723
366546
366499
366495
366444
366234
365852
365690
365660
365489
365469
365461
365316
365254
365250
365243
364875
364704
364403
364197
363914
363831
363403
363172
363112
363089
362937
362815
362765
362618
362424
362419
362298
362270
362255
362172
362071
362043
361904
361479
361418
361407
361256
361229
361118
361002
360977
360924
360703
360555
360512
360446
360444
360366
360144
360093
359951
359726
359632
359600
359478
359350
359057
359028
359017
358992
358825
358779
358715
358561
358475
358391
358344
358204
358196
358179
358038
357978
357944
357935
357912
357867
357833
357731
357656
357642
357556
357543
357096
356929
356868
356855
356765
356666
356516
355848
355804
355697
355578
355481
355318
355277
355268
355252
354858
354840
354789
354686
354618
354575
354571
354547
354255
354093
354081
353883
353717
353585
353553
353534
353475
353414
353321
353220
353144
353098
352954
352918
352797
352344
352049
352040
351982
351795
351739
351677
351670
351605
351445
351278
351085
351037
350999
350986
350887
350813
350662
350428
349957
349828
349765
349624
349421
349403
349403
349391
349293
348901
348883
348860
348828
348803
348762
348656
348608
348475
348364
348272
348142
348093
348032
347910
347810
347806
347785
347656
347404
347369
347235
346911
346847
346646
346458
346447
346438
346388
346268
346068
346022
345688
345644
345611
345555
345503
345502
345368
345249
345241
345217
345098
344865
344773
344614
344544
344523
344470
344431
343656
343601
343358
343357
343307
343097
342823
342542
342101
342079
341908
341832
341763
341665
341535
341525
341180
341094
341004
340967
340782
340710
340664
340449
340325
340271
340204
340201
340146
340139
340039
339936
339651
339585
339520
339169
339137
338966
338899
338718
338469
337990
337663
337536
337444
337171
337095
336965
336962
336768
336538
336251
336031
335923
335914
335891
335815
335748
335586
335507
335413
335222
335180
335114
335109
335021
334953
334868
334655
334520
334474
334382
333860
333735
333730
333535
333364
333293
333155
333108
332820
332699
332620
332561
332400
332282
332271
332071
331904
331870
331865
331674
331598
331473
331393
331210
331205
330843
330736
330496
330346
330156
330064
329967
329948
329851
329844
329806
329568
329503
329436
329291
329126
329122
328957
328947
328926
328896
328777
328705
328250
328113
328099
327925
327835
327685
327442
327435
327383
327213
327132
327112
326652
326586
326394
326150
326134
326055
325843
325777
325753
325661
325584
325577
325478
324750
324697
324350
324322
323824
323739
323592
323509
323400
323305
323071
322846
322698
322605
322459
321104
321079
320950
320887
320586
320547
320453
320442
320367
320306
320268
320103
319996
319742
319712
319533
319426
319206
319144
319069
318700
318582
318377
318335
318096
318074
317791
317462
317451
317408
317362
317023
316427
316162
316019
316005
315817
315762
315657
315649
315475
315468
315463
315317
315306
315242
315149
315081
315075
315066
314801
314287
314170
314134
314096
314017
313782
313700
313650
313616
313366
313344
313222
313106
312918
312912
312842
312656
312596
312541
312362
312352
312232
312136
312094
312071
312058
312049
311960
311930
311926
311760
311309
311141
311053
310957
310742
310602
310040
310022
309921
309682
309518
309199
309117
309023
309003
308926
308827
308707
308691
308629
308601
308398
308386
308295
308222
308017
307981
307875
307788
307734
307642
307360
307315
306965
306797
306681
306564
306540
306430
306265
305947
305942
305927
305858
305623
305510
305499
305433
305306
305223
305179
305156
305062
304620
304324
304304
304150
304106
304102
304059
304022
303932
303722
303701
303617
303105
303017
302841
302581
302542
302514
302427
302276
301851
301840
301666
301362
301345
301337
301300
300912
300630
300563
299639
299637
299384
299334
299226
299031
298957
298955
298892
298797
298770
298295
298257
298089
297989
297985
297979
297888
297881
297675
297638
297606
297561
297418
297355
297314
297220
297159
296970
296621
296550
296034
295804
295748
295693
295655
295621
295573
295503
295440
295235
295197
295193
295038
294991
294982
294936
294640
294595
294438
294408
294352
294327
294297
294011
293904
293863
293820
293610
293579
293454
293223
293112
292828
292406
292201
292194
292165
291966
291895
291846
291731
291307
291210
291121
291079
291078
290613
290521
290464
290442
290414
290402
290094
290000
289993
289927
289836
289830
289824
289747
289724
289629
289472
289462
289315
289264
288665
288489
288469
288396
288372
288208
288164
288105
288102
288078
287932
287894
287657
287597
287391
287320
287310
286981
286904
286686
286619
286581
286575
286296
286056
285878
285799
285715
285669
285550
285419
285335
285149
285141
284626
284622
284598
284556
284300
284054
284026
283970
283806
283509
283470
283306
283303
283265
283240
283100
282872
282843
282742
282693
282595
282357
282176
282028
281721
281673
281654
281620
281122
281118
281098
280935
280903
280902
280884
280767
280741
280664
280614
280513
280501
280449
280427
280415
280376
280313
280112
279036
278753
278427
278402
278212
278121
278099
278070
277882
277710
277425
277345
277340
277273
277212
277185
277085
277068
276895
276794
276681
276614
276560
276453
276451
276447
276420
275947
275939
275844
275686
275684
275558
275448
275004
274584
274472
274440
274381
273849
273727
273667
273514
273196
273107
272786
272740
272632
272190
272121
272058
272038
271891
271618
271598
271586
271535
271424
271210
271044
270971
270928
270691
270510
270389
270342
270206
270196
270051
270011
269835
269724
269682
269672
269500
269368
269306
269262
269163
268915
268625
268503
268351
267775
267688
267671
267619
267456
267366
267079
267006
266903
266810
266797
266782
266782
266762
266537
265967
265789
265779
265714
265457
265454
265278
264959
264676
264531
264531
264446
264305
263673
263508
263347
263301
263291
263249
263124
263060
262424
262333
262332
261955
261891
261879
261754
261363
261192
261093
261036
260952
260850
260774
260720
260603
260578
260453
260041
259979
259866
259661
259643
259431
259295
259214
259206
259190
259182
259086
258890
258729
258722
258710
258434
258189
258168
258039
258029
257984
257948
257948
257926
257868
257544
257328
257212
257006
256995
256949
256878
256636
256331
256208
256191
256141
255922
255856
255834
255665
255547
255471
255101
255071
254932
254733
254732
254707
254384
254177
254038
253824
253678
253668
253592
253579
253476
253435
253376
253298
253219
253214
252738
252637
252567
252539
252109
251828
251816
251814
251794
251785
251519
251328
251260
251251
250767
250756
250737
250655
250645
250596
250514
250364
249943
249907
249716
249637
249613
249346
249320
249238
249217
248693
248653
248609
248601
248588
248312
248144
248045
248009
247995
247768
247755
247417
247412
247408
247188
246782
246739
246559
246323
246281
246258
246108
245948
245839
245806
245532
245194
245076
245032
245002
244817
244754
244650
244641
244456
244445
244404
244399
244369
244356
244151
244070
243886
243831
243801
243685
243489
243451
243387
242698
242688
242612
242475
242313
242236
242223
242220
242177
241907
241793
241719
241697
241607
241403
241354
241325
241156
240957
240927
240439
240243
240013
239194
239152
238966
238852
238810
238653
238638
238431
238046
237929
237765
237734
237400
237332
237020
237017
237007
236719
236410
236129
235904
235848
235773
235677
235433
235402
235402
235247
235204
235130
234995
234806
234767
234758
234694
234436
234310
234300
234203
233958
233943
233901
233718
233690
233649
233576
233562
233447
233417
233384
233148
233015
232669
232585
232502
232487
232289
231940
231847
231793
231418
231086
231065
231023
230987
230925
230595
230540
230423
230330
230212
230192
230135
230094
229909
229523
229471
229223
228841
228710
228680
228636
228534
228477
228455
228360
228266
228107
228000
227904
227903
227556
227387
227360
227179
227075
226920
226837
226828
226755
226730
226596
226198
226054
226051
226024
225680
225673
225517
225325
225311
225221
224976
224870
224291
224143
223630
223565
223398
223362
223326
223310
223305
223218
223196
223168
223049
222863
222831
222824
222697
222376
222214
221893
221438
221277
221138
220970
220836
220773
220517
220410
220252
220102
220075
219841
219730
219692
219483
219360
219297
219270
219170
219150
219065
218879
218708
218520
218327
218262
218092
218088
217996
217947
217806
217270
217129
217096
217005
216940
216747
216660
216541
216503
216263
216052
216012
215815
215813
215581
215437
215424
215283
215258
215117
215078
215007
214990
214989
214837
214721
214625
214521
214252
213897
213836
213789
213769
213765
213663
213623
213591
213556
213508
213337
213268
213204
212784
212717
212710
212546
212263
212258
212018
211964
211938
211763
211710
211620
211070
210788
210673
210455
210221
210206
210101
210038
209867
209851
209583
209552
209541
209344
209282
209140
209131
208896
208815
208673
208490
208481
208421
208322
208309
208238
208197
208031
207916
207869
207832
207783
207646
207591
207522
207385
207139
207105
207052
206949
206894
206866
206708
206571
206526
206433
206421
206403
206333
206288
206257
206250
206175
206066
205980
205853
205669
205645
205409
205240
205059
205008
204793
204463
204174
204071
204063
204050
203705
203597
203448
203436
203141
203015
202924
202896
202891
202622
202613
202475
202460
202223
202128
202109
202097
202032
201972
201949
201750
201506
201471
201291
201130
201002
200918
200826
200475
200299
200122
200071
200047
199566
199412
199376
199273
199023
198649
198479
197989
197985
197702
197579
197515
197386
197137
197083
196842
196607
196593
196551
196364
196353
196209
195859
195817
195804
195718
195304
195138
195068
194978
194873
194833
194772
194681
194645
194640
194433
194231
194223
194193
193792
193767
193577
193463
193218
193139
192939
192895
192876
192870
192841
192670
192577
192543
192342
192178
192079
191887
191796
191766
191764
191565
191558
191515
191436
191305
191160
191116
191111
191090
191008
190991
190952
190876
190616
190371
190371
190322
190274
190016
189983
189746
189738
189376
189347
189320
189271
189262
189126
189067
188899
188773
188671
188581
188487
188376
188347
188264
188248
188032
187813
187779
187683
187652
187532
187203
187155
187038
187025
186492
186488
186335
186190
186179
186138
186088
185835
185833
185575
185357
185344
185184
185123
184812
184749
184618
184561
184489
184363
184316
184262
183882
183741
183709
183501
183341
183341
183311
183250
183138
183032
182984
182922
182833
182649
182419
182397
182353
182253
182111
181955
181856
181834
181815
181634
181609
181444
180973
180881
180772
180714
180588
180572
180129
180095
179939
179820
179594
179593
179527
179472
179403
179388
179350
179250
179169
179102
179092
179022
178787
178716
178703
178626
178533
178177
178097
178091
177984
177933
177916
177773
177721
177380
177288
177260
177226
177187
176862
176772
176555
176505
176423
176221
176219
176068
176065
175948
175887
175771
175658
175602
175464
175411
175381
175111
174976
174846
174528
174429
174297
174259
174136
173936
173696
173421
172814
172718
172563
172481
172477
172268
172207
172141
171781
171754
171509
171468
171271
171048
170959
170723
170620
170554
170405
170319
170273
170200
170135
170030
169806
169751
169737
169608
169537
169525
169381
169358
169180
168858
168817
168748
168729
168528
168323
168306
168273
168176
168064
167982
167980
167927
167887
167740
167665
167392
167364
167162
167040
166994
166883
166871
166798
166733
166405
166370
166235
166108
166061
165907
165845
165825
165586
165145
165084
164971
164822
164495
163988
163798
163768
163752
163547
163532
163520
163431
163176
163005
162889
162805
162688
162537
162533
162472
162286
162215
162196
161783
161751
161703
161457
161159
160992
160890
160620
160382
160333
160252
160250
159841
159816
159358
159078
159046
159030
158989
158584
158491
158335
158306
158255
158049
158010
157688
157542
157170
156926
156920
156914
156795
156706
156695
156329
156174
156121
156092
156039
156036
155909
155637
155453
155269
155266
154841
154815
154664
154556
154447
154353
153866
153800
153735
153398
153347
153314
153305
153295
153267
153056
152981
152896
152875
152819
152589
152437
152431
152400
152368
152303
152153
151839
151800
151799
151191
151037
151021
150800
150782
150525
150306
150009
149992
149979
149871
149808
149789
149532
149407
149358
149241
149105
148616
148505
148404
148390
148221
148199
148187
148159
148014
147984
147945
147909
147661
147597
147476
147369
147272
147210
147170
147133
146985
146931
146805
146732
146717
146701
146669
146519
146224
146210
145827
145550
145485
145332
144881
144854
144841
144749
144654
144625
144517
144509
144235
144229
144200
144071
143934
143932
143704
143543
143135
142675
142653
142619
142488
142451
142090
141996
141985
141894
141857
141819
141758
141718
141681
141621
141541
141495
141460
141306
141061
140933
140589
140446
140442
140347
140229
140091
139921
139743
139518
139443
139403
139361
139269
139155
139004
138676
138618
138457
138430
138375
138005
137938
137739
137679
137653
137519
137430
137057
136992
136973
136657
136580
136508
136329
136280
136134
135983
135813
135656
135568
135557
135055
134881
134776
134460
134290
134061
133942
133926
133766
133711
133705
133644
133522
133332
133214
133200
133122
132606
132093
132033
131918
131904
131900
131855
131762
131633
131529
131337
131241
131005
130896
130757
130345
129756
129754
129753
129710
129535
129446
129326
128540
128406
128343
128252
128150
128135
128040
127917
127869
127717
127312
126827
126821
126749
126386
126248
126149
126122
126085
126021
125867
125811
125551
125460
125333
125142
125002
124943
124813
124750
124656
124525
124507
124234
123856
123794
123663
123634
123609
123414
123360
123311
123249
123217
123217
123051
123026
122997
122927
122887
122828
122814
122594
122489
122466
122331
121882
121575
121552
121543
121230
121197
121106
121070
121060
121018
120787
120658
120574
119984
119932
119914
119902
119781
119752
119674
119636
119516
119483
119184
119121
118974
118794
118582
118456
118377
118240
118227
118014
117963
117866
117853
117728
117683
117490
117210
117157
116829
116734
116668
116511
116351
116138
116034
115843
115679
115594
115474
115208
115057
114945
114870
114754
114721
114630
114622
114438
114411
114366
114315
114165
114100
113973
113803
113540
113004
112947
112907
112715
112697
112275
112194
112039
111996
111970
111960
111763
111674
111562
111223
111107
110989
110915
110773
110615
110515
110326
110223
109902
109879
109672
109441
109273
108818
108808
108753
108638
108567
108552
108462
108429
108227
108107
108023
107993
107857
107709
107547
107393
107157
107150
107026
106685
106519
106490
106470
106310
106160
106129
106026
106019
105696
105693
105187
105146
105103
104981
104634
104434
104427
104356
104258
104120
104017
103935
103882
103665
103514
103465
103381
103298
103208
103175
103153
103077
102851
102824
102751
102224
102200
101782
101353
100942
100930
100773
100715
100567
100246
99936
99885
99833
99694
99482
99478
99318
99226
99176
99050
98615
98516
98495
98377
98349
98113
98033
97944
97796
97408
97394
97341
97070
96924
96877
96836
96683
96591
96584
96566
96468
96274
96082
95940
95909
95752
95080
94814
94372
94349
94210
94006
93344
93311
93303
92804
92758
92699
92392
92332
92321
92320
92303
92004
91986
91918
91913
91847
91754
91703
91641
91528
91409
91372
91255
91189
91010
90989
90909
90896
90642
90629
90557
90526
90417
90282
90180
90114
90092
90088
89818
89752
89749
89422
89380
89311
89135
89062
88971
88955
88906
88863
88828
88745
88401
88318
88043
87861
87835
87784
87572
87487
87280
87245
87160
87118
87101
86955
86508
86343
86341
86332
86086
85950
85826
85811
85771
85674
85613
85260
85207
85128
85048
85008
84996
84888
84742
84710
84549
84459
84249
84147
84117
83994
83962
83858
83753
83592
83522
83415
83359
83347
83203
83078
83004
82997
82826
82762
82501
82256
82226
82167
81773
81623
81517
81362
81242
81075
80846
80798
80727
80641
80604
80571
80478
80302
80254
80219
80216
80198
80112
80084
80082
79850
79754
79657
79594
79592
79463
79370
79296
79016
78971
78770
78367
78308
78194
78188
78005
77701
77548
77203
77195
77120
77073
76750
76490
76404
76330
76227
76001
75848
75841
75835
75725
75718
75693
75614
75527
75345
75280
75259
75203
74880
74713
74675
74570
73747
73739
73486
73430
73239
73148
73097
73036
72967
72799
72658
72521
72494
72474
72437
72371
72305
72170
72170
72082
72080
72079
71951
71851
71804
71744
71691
71639
71534
71471
71238
70716
70669
70660
70658
70576
70472
70427
69595
69584
69489
69314
69295
69282
69191
69187
69018
68958
68945
68888
68870
68823
68822
68817
68766
68621
68503
68435
68358
68343
68111
67735
67646
67604
67413
66472
66380
66273
66209
66192
66011
65957
65873
65689
65688
65663
65609
65450
65283
65277
65270
65012
64955
64815
64799
64666
64523
64264
64216
64210
64178
64141
63980
63668
63595
63441
63361
63201
63075
62957
62950
62742
62611
62600
62573
62237
62120
61835
61820
61661
61504
61476
61427
61374
61191
61098
61078
60815
60802
60755
60676
60640
60446
60437
60401
60321
59982
59972
59849
59445
59362
59181
59119
58754
58731
58669
58556
58546
58525
58496
58221
58036
57994
57968
57923
57916
57529
57301
56906
56829
56705
56556
56449
56246
56229
55649
55635
55601
55474
55456
55452
55424
55391
55226
54967
54952
54950
54942
54845
54719
54700
54089
54079
54069
54014
53918
53917
53801
53748
53747
53737
53691
53688
53681
53673
53653
53405
53315
53157
53140
53049
53035
52873
52811
52544
52361
52263
51932
51484
51477
50994
50746
50668
50653
50487
50207
49925
49905
49556
49337
49172
49165
49108
49025
48819
48786
48747
48378
48232
48021
47950
47573
47459
47270
47105
47035
46451
46349
46258
46258
46224
46066
46046
46045
46028
45806
45759
45729
45677
45274
45106
45084
45019
44901
44882
44877
44856
44322
44062
43637
43558
43511
43450
43232
43145
43144
43055
43031
42527
42256
42205
42114
42106
41863
41414
41365
41348
41037
41033
41016
40906
40886
40796
40793
40771
40636
40524
40488
40245
40187
40178
40067
40045
39951
39927
39392
39388
39048
39048
38796
38783
38749
38684
38677
38628
38501
38135
38037
37893
37655
37639
37635
37609
37241
37061
36812
36761
36756
36707
36363
36356
36287
36197
35858
35794
35444
35354
35188
35114
34967
34904
34766
34707
34620
34528
34477
34469
34189
33997
33822
33808
33804
33707
33678
33386
33203
33063
33005
32998
32977
32956
32729
32695
32177
32112
31952
31731
31561
31531
31511
31484
31428
31144
31053
31032
31012
30877
30867
30866
30828
30731
30529
30393
30209
30191
30063
30062
30004
29855
29698
29545
29445
29427
29097
28823
28541
28403
28347
28329
28289
28123
28023
28022
27843
27828
27707
27679
27624
27597
27328
27019
27012
26992
26956
26915
26809
26775
26559
26285
26276
26207
26148
26124
26063
26030
25845
25641
25618
25569
25567
25200
25186
25163
25118
25033
24610
24166
23972
23857
23552
23461
23308
23173
23062
23058
23031
23022
23010
22866
22814
22622
22578
22438
22396
22271
22050
22046
21999
21877
21631
21412
21368
21363
21246
21155
21114
20991
20893
20555
20528
20401
20298
20269
20130
19937
19550
18918
18805
18630
18118
18090
18034
17929
17865
17786
17763
17723
17533
17483
17327
17231
17157
17139
17094
16790
16693
16525
16451
16307
16273
16177
16123
16085
16035
16018
16013
16005
15715
15629
15616
15502
15355
15068
14820
14750
14661
14535
14410
13999
13945
13884
13573
13533
13517
13464
13377
13176
13157
13121
13065
12902
12752
12580
12430
12388
12273
12023
11768
11706
11527
11334
11317
11236
11009
10976
10694
10678
10659
10655
10613
10522
10493
10431
10251
10224
10081
10049
10005
9964
9840
9725
9491
9141
8303
8251
8071
8029
7936
7929
7823
7610
7465
7365
7273
7256
6851
6828
6774
6573
6571
6544
6530
6218
6119
6039
5807
5789
5694
5339
5316
5278
5220
5190
5162
5076
4914
4904
4737
4709
4261
4222
4180
4171
4019
3924
3493
3459
3454
3449
3429
3056
2965
2859
2533
2438
2392
2310
2307
2291
1848
1761
1748
1705
1626
1347
1229
1021
1013
960
556
544
253
132
128
100
6