999552
999229
999104
997765
997258
996948
995740
995489
995184
994874
993397
993175
992224
991775
991191
990987
990722
990268
989936
989777
989046
988957
988702
988686
988568
988358
987494
986931
986202
985463
985100
984709
984029
983259
982366
982295
982106
981094
980881
980586
980101
979776
979520
979227
979125
978824
978438
978300
978280
977787
977782
977774
977614
977557
977493
977321
977134
976475
976285
975613
974879
974025
973963
973287
973271
972715
972124
971642
971404
971371
970344
970065
969207
969051
968768
968661
968633
968458
967820
967570
967324
967021
966318
965807
965585
964121
964027
963934
963535
963406
963374
962996
962957
960787
960650
960622
960471
960416
960051
959989
959974
959066
958387
957765
956390
956015
955721
955517
955268
955261
955075
954664
954170
953940
953109
952698
952362
952218
951864
951245
951214
950898
950216
950025
949937
949882
949402
949294
949284
949232
949025
947905
946749
946190
945505
945146
945113
944992
944740
944492
944444
944240
943289
942277
941542
941323
940632
940487
939639
939581
938944
937952
937765
937439
937437
937088
936961
936364
935027
934612
934196
932538
931717
931214
931059
930816
930407
929327
928984
928534
927822
927343
925773
925376
924493
923902
923163
922966
922028
921877
921636
920964
920914
920829
919510
919217
917448
917229
916788
916294
916058
915369
914753
912799
912474
910798
909918
909826
909631
909446
909157
908802
908660
908408
907860
907738
907278
906163
905803
904414
903643
903173
902588
902356
902213
900881
900872
900676
900435
900165
900137
899788
899137
898505
897727
896910
896521
896111
895785
893776
892299
892048
891478
891286
890854
890655
889957
889563
889208
888787
888643
887947
887505
887129
887048
886866
886640
886201
885201
884676
883946
883020
882422
881947
881697
881483
881258
881156
881063
880884
880725
880693
879852
879224
877561
876997
876730
876360
876014
875736
875688
875039
874842
874569
873623
873091
871909
871280
870167
868738
868362
868335
867311
866529
866446
866445
866333
866243
866054
865825
865774
864246
863673
863143
863127
862717
862596
862426
861991
861855
861177
861143
861136
860811
860685
860628
859281
858976
858700
858176
857238
855935
853605
852930
850865
850149
850008
849932
849320
848806
848453
848192
848152
847628
847408
846934
846629
846476
845595
845470
844123
843032
843016
842833
842312
842204
841927
841824
840567
840403
840161
838765
837854
837779
835897
835698
835690
835420
834664
833650
833487
833178
832489
832321
832270
830770
830604
829590
829037
828905
828589
828520
828508
827903
827260
825210
825107
824957
824561
823734
823555
822832
821486
820623
819857
819832
819581
819221
819182
819001
818736
818669
818514
818372
818184
817791
817283
817248
816779
816539
816186
815465
814409
813992
813842
813672
811847
810941
810721
810683
810634
810172
809882
809832
807841
807626
807468
807363
807068
806579
806494
805301
804442
804249
804105
804100
804007
803687
802372
801723
801588
801131
800976
800677
800534
800308
800258
799398
799155
798836
798293
798104
798009
797412
796883
796230
795460
794318
794176
793831
793278
792895
792516
792453
792134
791507
790867
790708
790260
789463
788900
788708
788625
788427
787176
786517
786419
786416
786356
785320
785183
784424
783424
783265
782324
781438
781243
780995
779349
779277
778655
777084
776358
775465
775411
775265
774688
774571
774134
772627
772143
771947
771499
770977
770491
770397
769950
769578
769220
766864
766435
766158
765179
765141
764421
763746
763467
763218
763185
763130
763126
762423
762390
762232
762051
762003
760948
759874
759739
759287
759234
758717
758454
758300
758296
757926
757865
756466
756048
755675
755487
755072
754349
754160
753796
753715
753640
752121
751041
750402
749911
749508
748833
748030
746353
745836
745224
744871
743721
743387
742958
742804
742473
741407
741223
741131
741057
740883
740737
740421
740259
740105
739700
738444
738326
737991
736863
735611
735535
735520
735305
735133
734783
733925
733538
733193
733044
732993
732936
732352
732346
731794
731750
731634
730603
729924
729884
729578
728675
727467
727318
726761
726376
725986
724750
724388
724074
722861
722055
721805
721515
721182
720306
718782
717213
717113
716141
715914
715384
713079
712382
711686
710711
710541
710235
709917
709509
709297
709133
708892
708861
707926
707895
705224
705074
705061
705025
705020
704964
704738
704620
703798
702251
702201
701979
700478
699808
699657
696693
695527
695399
695002
694935
694914
694728
693885
693782
693201
693154
693088
692514
692373
691640
690976
690640
690583
689675
687956
687643
685588
685395
685145
683903
683629
683596
683348
682923
680906
680665
680304
677987
677814
675958
675839
675355
675075
674639
674373
673735
673581
673216
671607
671265
670507
669395
669179
669049
668755
668349
668238
667561
667033
665878
664572
664365
664359
664118
664107
664062
663001
662812
662767
661552
661249
661189
660634
660539
660374
660339
659480
659392
659198
658116
657815
656746
656696
656623
655867
655555
655235
654534
654347
653620
653313
651634
651139
649591
649224
649086
648822
648495
648071
647796
646912
646697
646635
646437
646344
646025
645877
645789
645759
645296
644741
644660
644082
643904
643546
643361
642734
642691
642577
641329
641202
640444
638981
638828
638822
638585
637964
637016
635829
635692
634231
633695
632678
632356
630971
630527
630477
629137
628841
628638
627569
626214
626198
624961
624658
624285
624098
623842
623599
623459
623214
623153
621523
621505
621396
621061
620776
620595
620356
620324
620259
618992
618558
618458
617909
617417
615118
615088
614942
614833
614489
614314
613597
613174
613044
612921
612599
612460
612357
611337
610999
610027
609809
609138
608816
608709
608465
608132
607611
607491
606950
606881
604507
603555
603258
603187
603012
602989
602951
601972
601180
600753
599502
595882
595785
595443
595010
594700
594424
594163
593545
593486
592234
592136
591581
590961
590612
590592
590328
589908
589443
589342
588786
587556
587386
586553
585664
585563
585433
584263
584226
582735
582734
582368
581653
581634
581271
580837
580519
580008
579808
579695
579662
579018
578985
578712
578666
577498
576237
575629
575562
575325
575105
573908
573088
572767
572650
572588
571485
571353
571192
570974
570191
569135
569049
568925
567507
567506
566991
566950
566806
566699
565025
564647
564489
563798
563642
563519
562625
562338
560671
560587
560436
560035
559969
559871
559605
559515
559312
558340
557508
557166
556645
556114
555920
555637
554881
553120
552406
551884
551695
551626
551535
551379
551182
549140
548318
547827
547132
546986
543334
540763
540261
539857
538455
538454
538440
538036
537846
537689
537081
537004
536663
536623
535838
534383
534333
533639
532789
532343
530095
530021
529545
528783
527922
527866
527445
525537
525159
524958
522555
522185
521001
520560
520104
519486
519099
518847
518797
518569
518567
518513
518276
516965
516499
516288
516036
515972
515605
515539
514837
514678
512444
511335
510837
510369
509803
509791
508082
507395
506879
506207
504642
504235
503396
503292
502527
501732
501421
500800
500517
500336
499995
499976
499789
499023
498276
498182
497707
497593
496523
496284
495279
495013
494721
494119
492913
492573
492426
491939
491780
491582
491105
489825
488068
488013
487802
487771
487083
486672
486274
485992
485880
485752
484380
483686
482572
481203
480932
480910
480811
480395
480383
479059
479008
478912
478303
477838
477561
477415
477319
476705
475954
475476
475145
475119
474466
474421
473500
473143
472270
470873
470585
469197
469097
468566
468184
467451
466583
466512
465693
465678
465610
465454
464284
463377
461093
460736
460643
459409
458718
458695
458226
458025
457534
457519
454481
454237
453628
453616
453501
453406
452132
451765
451517
450350
449015
448296
448042
447586
447512
447506
446194
445805
443691
443083
443075
442955
441048
440172
439630
439510
439400
437890
436969
435973
435580
435374
435118
435070
434984
434917
434777
434109
433240
432898
432782
432088
431912
431388
430598
429419
428495
428429
428016
427892
427452
427188
426888
426867
425959
425829
424861
424121
423345
423127
422346
422091
422011
421748
421653
419571
419422
418349
417264
415511
415175
413146
412888
411869
411662
410562
410516
410453
410417
410210
409472
409093
408738
408596
407808
407562
406062
405603
404157
403198
402417
402234
401959
401221
400861
400254
399692
399553
399015
398517
397511
392691
391954
391854
390857
389455
389369
388930
388340
386245
386140
385036
384928
383721
383218
382294
382135
382025
381961
381286
380608
380485
379283
379166
377652
377401
377081
376551
376447
376127
376004
375605
375357
375201
375140
375114
374950
373957
373665
373262
373089
372891
372859
372805
372266
371755
371575
371184
370755
370618
370094
370090
370001
369999
369491
367596
367255
366635
365767
364718
364084
363829
363386
362783
361439
361224
359899
358996
358984
358331
357145
356992
356893
356580
356484
356367
355933
354638
354619
354339
354254
354167
353688
353328
352339
352084
351722
351129
351050
350960
350914
350691
350212
349341
349066
348491
347884
347731
347380
347164
346202
345232
342184
341787
341187
340909
340893
340581
340214
340101
340007
339724
338971
338818
336996
336358
335149
334311
334192
333287
332266
332146
331292
330564
330550
330276
329815
329803
328023
327818
326266
325706
325150
325049
324604
324362
323348
323291
322825
321607
321143
320717
320215
319981
319454
318508
318409
318251
318246
317682
317361
317272
316719
316117
315414
314747
314448
314378
313689
312948
312907
312866
311947
311752
310986
310592
310577
310429
307806
307722
307387
305939
305581
305386
304688
304394
303990
303873
303261
303220
302823
302462
302126
301993
301855
300698
300180
298539
298410
298208
297676
297512
296527
296293
295708
295637
295547
295536
295449
295396
294801
294597
293747
292891
292646
291455
291403
291001
290001
289787
289770
289769
289411
289393
289319
289113
288887
288489
288047
287074
286961
285241
283408
283385
283027
282244
282127
282015
281846
281396
281179
280932
280644
280379
279262
278537
277026
275621
275308
274668
274257
274207
274190
273923
273537
273222
273171
272103
271905
271864
271819
271688
271588
271416
271207
271136
270803
270085
269528
269461
269083
268697
268401
268289
267761
266842
265899
265894
265475
264433
264394
264342
263387
263254
263091
262327
262249
261616
261549
261217
260342
255858
255255
254968
254722
254664
254557
254150
254067
253694
253449
253088
251905
249947
249016
247337
246344
245887
245880
245186
245128
245114
244690
244486
244453
244120
243848
243458
242854
242317
242314
241594
241200
241195
241044
240890
240373
239834
239742
239658
239613
238823
238559
237833
237265
236556
235307
235272
235139
234492
234404
233966
233919
233082
230982
230693
230281
229860
229824
229604
229370
229143
228609
227804
227732
227507
226998
223639
222686
222664
222656
222512
222432
222389
222101
222093
221326
221239
221156
220824
220742
220611
220444
220443
220365
220291
220218
219228
219016
218954
218676
218403
218044
217850
217676
217644
217382
217077
217059
216687
216340
216182
214328
213902
213683
213451
213157
212810
212371
212337
212126
211807
210975
210829
210501
210090
209772
209442
208607
208357
207518
207487
205961
205506
204546
204457
203905
203568
203430
202636
202165
201802
200993
199979
199595
198400
198374
198228
196840
195770
195277
193453
192411
192223
192127
191541
191231
191206
191137
191062
190685
190124
190051
189431
188646
188000
186571
186049
186032
185717
185630
185340
185134
184489
184273
184211
184126
183474
183198
182872
182236
181933
181581
181361
180946
180634
180585
179295
178984
178520
177905
177855
177331
176487
175977
175663
175544
175320
175026
174175
173639
173277
172994
172223
171527
171438
170730
170468
170414
169854
168258
166642
166322
166006
165377
165304
164764
164559
164211
163646
163631
162415
161710
160974
160751
160419
160153
160124
160010
157628
157180
155517
155082
154702
154396
153766
153613
153269
152068
150660
150333
149520
149501
148608
148567
148272
148226
147973
147358
147219
146744
146151
145043
144942
144799
143948
143569
142902
142657
141911
140664
140410
140180
139973
138382
137886
137359
137328
137114
136487
135916
135836
134778
134713
134652
134547
133861
132772
132289
131381
129955
129211
128978
127638
127022
125846
125579
124695
124615
124594
124250
123947
123492
122723
122164
121393
121147
121109
121108
120961
117920
117779
117187
115742
115247
115194
115087
114642
114366
114281
114273
114224
114058
113660
113539
112236
111928
111120
111058
110616
109862
109778
109288
109046
108765
107564
107379
106902
106759
106138
105522
104911
104809
104417
103933
103673
102905
102612
101324
101295
101205
101080
100153
98533
98184
98108
97830
97308
96776
96613
96487
96467
95384
94142
94116
93641
92216
91789
90235
90197
89366
89341
88577
87853
87797
86718
86052
86044
85748
85710
84687
84456
84143
84013
83043
82654
82404
81274
81082
80089
77643
76899
76426
75967
75745
75426
75186
74820
74505
72852
72720
71738
70261
69536
69071
68495
66644
65449
64642
63677
63336
62557
62459
62017
60256
59510
59369
59330
59244
59042
58765
58626
58344
58324
58272
57816
55899
55388
55043
51456
51303
51197
50962
50681
50628
49952
49691
49473
49390
49072
48923
48476
47603
47315
45757
45585
45463
44949
44707
44439
43045
42554
42462
41287
40838
40553
40506
39131
38812
38551
38270
38226
37772
37313
37015
35772
35415
34950
34832
33832
33067
32350
31839
31727
31446
31014
30476
30147
30006
29732
29696
29566
28984
28916
28882
27908
27720
27650
27631
27567
27185
27127
26644
26607
25682
25502
25031
24902
23679
23658
23521
23512
23504
23468
22747
22491
22027
21006
21001
20624
20446
19902
19868
19152
19124
17682
17446
17193
16448
15681
15571
15097
14393
13935
13689
13141
12717
9490
8700
8523
7992
7929
7911
7350
6511
6347
6262
5721
5279
5122
3234
3204
2999
2418
2315
2300
1950
1697
1109
976
909