999920
999841
999559
999533
999450
999423
999344
999138
999024
998622
998387
998114
997741
997477
997081
996788
996778
996656
996246
995409
995307
994934
994456
994078
993968
993807
993240
993198
993168
993119
993024
992806
992420
992197
992157
991855
991587
991469
991323
990854
990771
990582
990330
990143
989808
989685
989494
989249
989098
988540
988407
988098
987925
987628
986898
986735
986638
986263
986018
985996
985912
985320
985120
984946
984570
984269
984136
984099
983908
983824
983813
983794
983769
983602
983373
983008
981924
981599
981389
981146
980808
980548
979348
978920
978866
978797
978793
978776
978626
978432
978344
977783
977628
977624
977376
977298
977150
977072
976941
976440
976066
975698
975647
975355
974783
974594
974586
974513
974162
974158
974016
973875
971929
971902
971866
971857
971708
971620
971565
971460
970616
970427
970160
969948
969859
969769
969543
969469
969439
969332
969151
968747
968702
968568
968508
968419
968398
968214
967659
967585
967550
967104
967072
966883
966763
966033
965340
965193
964759
964592
964534
964466
964407
963639
963590
963556
962948
962921
962711
962668
962412
961914
961461
961443
961255
960868
960509
960414
960206
960013
959684
959656
959415
959360
959249
959064
958943
958933
958893
958771
958536
958450
958041
958016
957787
957735
957404
957109
956624
956509
956204
956172
956136
955455
955246
954969
954601
953978
953695
953662
952346
952078
952021
951833
951379
951317
950831
950535
949963
949359
949159
948999
948907
948818
948676
948219
947988
947708
947426
947290
947211
947118
946820
946574
946345
946282
946198
946058
945989
945777
945758
945606
945471
945417
945241
944918
944750
944730
944573
944469
944414
943523
943481
943155
942675
942194
941893
941756
941529
941419
941377
941335
941117
941085
941057
940950
940888
940701
940299
940213
940150
939912
939862
939732
939727
939046
938769
938757
938743
938665
938335
938178
938116
937998
937886
937760
937602
937400
936322
936263
935203
935185
935082
935044
934781
934490
934384
934317
934195
934158
933861
933171
933166
933114
933087
933033
932905
932791
932505
931978
931859
931532
931059
930980
930802
930752
929615
929586
929479
929450
929368
928939
928848
928762
927803
927750
927303
927297
927240
926817
926745
926638
926532
926166
925853
925787
925669
925364
925096
924742
924722
924717
924417
924005
923778
923667
923638
923531
923156
923015
922194
921955
921720
920889
920870
920479
920242
919961
919433
919322
919243
919238
918670
918635
918442
918406
918227
918090
918055
917533
916536
916355
916210
916155
916079
915942
915878
915655
915545
915464
915154
914466
914185
913708
913182
912649
912410
911852
911527
911383
910993
910988
910982
910960
910724
910697
909866
909519
909332
909222
909134
909015
908839
908334
908233
908094
907963
907817
907564
907373
906411
906351
906251
906245
906107
905688
905135
904930
904842
904680
904416
904183
904147
903416
903067
903015
902827
902799
902579
902526
902473
902446
902350
902183
902172
902007
901984
901958
901463
901365
901077
900586
900551
900350
899998
899800
899467
899446
899410
898854
898828
898737
898564
898492
898467
898395
898281
898184
898017
897513
895492
894903
894373
893696
893550
893138
893086
892350
892313
892111
891934
891745
890960
890766
890492
890428
890364
890198
890186
889849
889778
889746
889561
889458
889011
888812
888567
888033
887868
887743
887478
887193
887049
886901
886632
886495
886444
886269
886071
885916
885041
885011
884933
884615
884407
883883
883803
883771
883767
883292
883064
883046
883002
882872
882508
882300
882277
881616
881578
881002
880850
880491
880265
880156
879186
879025
878827
878308
878214
878094
878057
877938
877772
877622
877522
877348
877256
876817
876784
876624
876597
876419
876272
875054
874805
874430
874183
873841
873823
873708
873604
873058
872804
872799
872761
872469
872280
872097
871845
871837
871705
871688
871663
871288
871162
870089
869855
869635
869095
868775
868572
868489
868324
868274
868020
868015
867375
867208
867093
867039
866992
866951
866751
866372
866203
866045
864844
864448
864084
863635
863298
863102
863020
862857
862654
862393
862150
861819
861614
861211
861048
860999
860980
860718
860683
860498
860337
860095
859262
859081
858698
858650
857005
856623
855843
855741
855412
855294
855090
855071
854975
854839
854741
854614
853702
853577
853490
853260
853041
852806
852799
852566
852529
852323
852257
851517
851474
851473
851382
851172
851107
850546
850486
850048
849731
849707
849306
849164
848846
848661
847394
847353
847337
847009
846725
846487
846359
846281
845891
845890
845485
845460
845296
845226
845036
844866
844801
844667
843705
843667
843557
843541
843400
843220
842906
842230
841927
841923
841606
841550
841497
841385
841271
841224
841058
841018
840933
840890
840403
839892
839332
839125
839110
838713
838664
838630
838501
838489
837634
837438
837267
837095
836880
836864
836710
836668
836007
835878
835802
835793
835552
835549
835465
835310
835196
835183
835097
834936
834663
834425
833918
833809
833712
833615
833424
833367
833136
832742
832669
832645
832481
832374
832019
831833
831763
831522
831159
830761
830514
829213
828744
828558
828438
828311
828272
828250
827995
827859
827447
826999
826968
826662
826621
826587
826399
826215
825583
824586
824433
824401
823876
823545
822956
822947
822647
822530
822400
821887
821369
820614
820573
820146
819898
819872
819795
819772
819629
819414
818749
818517
818456
818385
817942
817505
817342
817184
817151
816628
816575
816520
816515
816497
815610
815607
815120
814751
814301
813892
813693
813510
813230
813146
812794
812624
812618
812469
812273
811925
811467
811310
811179
810975
810828
810712
810081
810052
809659
809342
809314
808432
808005
807895
807712
807505
807394
806924
806458
806119
806078
805750
805707
805702
804762
804676
804259
804003
803758
803716
803309
803259
801142
801035
800608
800465
800335
800209
800121
800120
799490
799362
799005
798777
798709
798681
798448
798435
798199
797841
797752
797409
797228
797079
796305
796226
796069
795609
795104
794988
794913
794451
794360
794157
794130
793731
793718
793193
793043
792959
792919
792236
791643
790531
789180
789120
787999
787804
787670
787663
787406
787393
787267
786977
786616
786330
786253
785652
785424
785359
785057
784962
784703
783720
783616
783616
783544
783319
783282
783211
783080
782826
782762
782736
782698
782693
782470
782406
782105
782059
781245
780801
780771
780714
780515
779681
779675
779460
779452
779031
778858
778653
777977
777821
777345
777254
777254
777183
777082
777022
776773
776667
776657
776586
776443
776236
776016
776004
775838
775711
773601
773281
773269
772916
772789
772641
772351
771730
771657
771594
771465
771447
771431
770789
770616
770461
770383
769783
769706
769542
769045
768949
768699
768693
768399
768304
768296
767782
767510
767240
767167
766795
766761
766737
766125
765836
765717
765685
765628
765426
765356
765306
765144
764540
764484
764444
764346
764303
764194
764057
763868
763636
763604
763537
763512
763432
762868
762726
762445
761186
760546
760402
760362
760240
759880
759745
759446
759177
758883
758621
758531
758380
758171
758065
757947
757906
757858
757535
757387
756666
756544
756371
756159
756146
755066
754333
754204
753815
753752
753683
753641
753641
753620
753612
753418
753279
753133
752853
752739
752467
752253
751861
751417
750967
750774
750157
750142
749556
749225
749073
748933
748889
748889
748416
748352
748140
747733
747589
747417
747370
747052
746888
746834
746613
746475
746453
746138
745699
745578
744969
744910
744780
744654
744432
744197
744158
743729
742602
742377
741917
741906
741864
741182
740898
739296
739206
739023
738865
738352
738348
737131
736832
736410
736303
736046
735401
735309
735274
735097
735073
735016
734851
734635
734592
734162
733913
733735
733148
733003
732880
732666
732648
732466
731964
731836
731771
731504
731169
731097
731012
730944
730348
730331
729481
729474
728946
727890
727140
726937
726710
726578
726520
726491
726345
726286
726102
726084
725794
725458
725204
725164
725139
724858
724479
723880
723880
723865
723538
723423
722997
722658
721997
721833
720887
720694
720530
720279
720242
719756
719741
719550
719528
719381
719224
718938
718799
718580
718519
718433
717972
717844
717421
717051
716242
716149
716121
715903
715434
715365
715296
715250
715021
714997
714808
714792
714690
714345
713996
713298
713054
711983
711653
711220
710723
710681
710459
710456
710409
710020
709954
709760
709754
709427
709032
708150
708106
708081
707852
707778
707774
707212
706779
706140
706005
705824
705148
704986
704912
704677
704318
704300
703926
703535
703513
703486
703367
703060
702936
701942
701858
701769
700937
700567
699971
699709
699670
699648
699602
699562
699506
699376
698764
698685
698583
697915
697056
696909
696689
696585
696266
695942
695741
695257
695077
694681
694671
694573
694534
694466
693937
693840
693771
693750
693734
693123
693030
692986
692823
692290
692241
692145
691855
691529
691520
691354
691240
690673
690528
690278
690112
690075
689883
689217
689138
689010
688541
688478
687823
687791
687719
687248
686878
686695
686650
686087
685682
685587
685406
685275
685249
684879
684381
684337
683363
683318
683112
683043
682980
682431
682378
682058
681829
681138
680581
680108
680053
679946
679741
679650
679367
679098
678524
678463
678256
678067
677061
677040
676560
676335
676045
675916
675573
675555
675529
675400
675049
674863
674492
673799
673684
673345
673336
673065
672796
672794
672790
672453
672076
671716
671641
671183
671088
670892
670832
670712
670039
669963
669878
669867
669668
669472
669232
669024
667835
667687
667605
667061
666592
665770
665667
665586
665368
665343
665157
664441
664167
664020
663216
662968
662962
662780
662697
662564
662449
662402
661651
661244
661191
661002
660861
660809
660539
660470
660384
659526
659483
659331
659278
658871
658784
658516
658369
658035
657556
655381
655320
654737
654726
654593
654178
653960
652745
652724
652434
652238
652131
652110
652076
652052
651867
651575
651532
651396
650867
650456
650000
649821
649778
649689
649325
648745
648627
648435
648062
647591
646778
646731
646722
646656
646601
646211
646150
645562
645463
644716
644476
644344
643884
643240
643014
642923
642879
642841
642815
641768
641611
641122
641108
640685
640655
640551
640493
639951
639829
639772
639409
639236
639220
639194
638812
638565
638563
638441
638235
637863
637833
637704
637456
636934
636775
636424
636386
636344
636268
636155
635963
635104
634976
634772
634414
633988
633742
633610
633167
633166
632843
632728
632544
631936
631569
631323
631306
631220
630910
629952
629930
628770
627978
627517
627505
627395
627197
627027
626661
626490
626267
626253
624854
624519
623810
623810
623609
623490
623324
623221
622745
622010
621915
621480
621362
621314
621231
620599
620586
620342
620042
620023
619227
619079
619046
618604
617809
617372
617271
617165
616943
616846
616636
616165
616022
615769
615450
614956
614615
614478
614055
613822
613397
613290
612861
612378
611855
611788
611730
611524
611446
611427
611321
611259
611174
610805
610537
609990
609608
608889
608532
608479
608396
608130
608025
607954
607356
607190
606869
606619
606571
606559
606437
605876
605629
605446
605408
605091
605070
605009
604947
604673
604617
604553
604524
604205
604144
604110
603523
603333
602650
601959
601885
601824
601464
600729
600562
600272
599760
599747
599567
599551
599451
599011
598858
598536
598525
597626
596099
595348
595326
594952
594890
594687
594370
594351
594096
594095
593748
593468
593411
593287
593160
592974
592826
592339
592333
591895
591490
590975
590731
590578
590209
589961
588152
588059
586953
586565
586516
586418
586274
586258
585746
585680
585605
585430
585123
584574
584402
584134
583852
583705
583657
583488
583255
582502
582124
581685
581246
581236
580701
580491
580480
580246
580204
580139
580072
580010
579740
579695
579617
579347
579264
579138
579034
578691
578421
578119
578058
578024
577635
577465
577439
577401
577076
576801
576701
576642
576606
576529
575849
575585
575288
575269
575217
575045
574972
574254
573359
573186
573072
572786
572072
571968
571718
571664
571320
570302
570270
569815
569801
569676
569194
569056
568832
568359
568220
568038
568030
567867
567799
567768
567749
567680
567577
567507
567463
566499
566456
566336
566124
565499
565457
564574
564328
564253
564193
564089
563908
563864
563509
563274
562974
562647
562572
562483
562187
561599
561362
561279
560676
560656
559643
559551
558821
558819
558514
558165
557921
557809
557779
557727
557674
557425
557398
557070
556746
556699
556564
556555
556520
556506
555810
555764
555520
555363
555220
554893
554381
554328
554322
554006
553978
553437
553140
553071
552351
552226
552071
551632
551169
550613
550435
550260
550253
550211
550108
550008
550001
549781
549729
549538
549387
548891
548461
548400
548136
547773
547559
546657
546513
546446
546327
546201
546172
545964
545934
545581
545222
545029
544669
544328
543985
543743
543688
543525
543241
543233
543205
542994
542884
542554
542222
542020
541855
541745
541174
540894
540712
540637
540418
540336
540222
540045
539842
539665
539594
539176
539014
538430
538293
538273
538203
537579
537579
537565
537372
537218
537166
537157
537132
536959
536723
536399
535823
535649
535190
534910
534673
534315
534053
533450
533197
533075
532993
532939
532143
530908
530554
529804
529484
529061
529017
528953
528384
528266
527623
527438
527194
526807
526797
526341
525296
525033
524959
524641
524173
523384
523234
523214
523050
522813
522702
522512
522214
522134
521867
521514
521443
520933
520783
520425
520274
520115
519820
519437
519275
518983
518817
518295
518280
518125
517529
517400
517332
516772
516739
516652
516349
516257
516236
516200
515552
515469
515202
514631
514213
513706
513583
513532
513377
513298
513155
512556
511862
511831
511394
510949
510485
510406
508564
508396
508331
508249
508128
507907
507342
507333
507039
506970
506778
505895
505815
505664
505549
505325
504442
504050
503800
503735
503632
503150
503002
502365
502180
501819
501324
500832
500703
500228
499833
499696
499681
499341
499310
498955
498479
497873
497847
497600
497521
497371
497327
497281
497150
496734
496620
496475
496034
495596
495391
494938
494632
494288
494191
493999
493699
493233
493044
492782
492716
492608
492436
492420
492345
492254
492187
492172
492129
491697
491282
490136
489820
489686
489591
489514
488729
488667
488518
488503
488012
487926
487803
487114
486916
486521
486141
485668
485562
485440
485363
484875
484673
484525
484446
484186
484129
483710
483654
483136
482865
482803
482701
482202
481975
481960
481891
481532
480597
480415
480130
480047
479716
479654
479633
479577
479459
479027
478859
477994
477493
477297
477219
476773
476723
476597
476483
476314
475977
475724
475246
475093
474804
474465
474189
474081
473674
473521
473497
473397
473358
472717
472605
472080
471532
471415
471350
471323
470756
470312
470064
469631
469590
469360
469217
469068
468813
468113
467843
467731
467727
467572
467348
466922
466720
466469
465684
465670
465598
465356
465187
465181
464833
464700
464262
463954
463489
463433
463333
463027
461852
461821
461713
461576
461388
461347
461328
461225
461173
461166
461021
460938
460816
460623
460240
459599
459470
459310
458648
458566
458415
458410
458267
458191
458164
457964
457940
457625
457575
457257
457052
457023
456768
456645
455301
455186
455025
454955
454664
454390
454233
454073
454071
453602
453180
453178
452796
452532
452437
451965
451893
451857
451667
451449
451141
450066
449997
448966
448666
448601
448554
448532
448275
448205
447880
447356
447124
447014
446690
445934
445839
445705
445640
444475
444213
444155
443765
443734
443643
443630
443253
442807
442593
442415
442327
442265
442119
442078
442032
441937
441085
440840
440637
440618
440591
440583
440457
440251
440250
440179
439859
439465
439344
439070
438907
438423
438422
438031
438004
437652
437451
436587
436446
436293
435441
435103
434611
434543
434294
434283
434242
434196
434025
433971
433954
433927
433677
433402
433236
433234
433010
432985
432967
432743
432538
432457
432339
432290
432249
432247
432182
431324
431051
430999
430883
430851
430684
430518
430430
430058
429373
429131
428916
428828
428694
428235
428001
427528
427389
427243
427058
427051
426628
426566
426471
426306
426141
426141
426029
425866
425359
425338
425070
424805
423754
423567
423292
423123
423013
422756
421520
421477
420256
420018
419923
419921
419107
418477
418465
418018
417970
417699
417606
417243
416940
416789
416715
416693
416517
416512
416467
416427
416381
416266
416106
415828
415706
415549
415441
414812
414318
414280
414089
413758
413721
413541
413245
413077
412823
412670
412284
411896
411727
411681
411674
411522
411434
411045
410884
410618
410359
410301
410225
409918
409652
409312
408580
408158
406873
406780
406619
406589
406344
405989
405767
405729
405119
404579
404492
404370
404111
403601
403522
403495
403324
403215
402887
402510
401375
401105
401020
400756
400579
400080
399458
399276
398847
398721
398570
398356
398273
398061
398058
397817
397417
397347
397229
396024
395731
395667
395645
395401
394669
394422
394387
394290
393841
393796
392864
392408
392018
391993
390843
390102
389969
389968
389940
389754
389606
389376
389316
389297
389271
389224
389075
387766
387360
387332
387025
386825
386795
386495
386469
386410
385849
385730
385578
385454
385438
385225
384829
384677
384079
383969
383511
383464
382780
382670
382311
381626
381613
381369
381297
381202
380787
380753
380561
380395
379488
378907
378864
378450
378340
378247
377750
377399
377354
377288
377014
376985
376976
376757
375485
375367
375238
374974
374861
374811
374602
374474
374318
374204
373764
373357
373041
372791
372209
372024
371860
371617
371306
371266
371233
371097
370931
370927
370808
370807
370456
370154
369898
369231
369198
369150
368865
368316
368010
367776
367753
367465
366282
365858
365148
365083
363891
363110
362977
362828
362625
361678
361527
361232
360812
359819
359474
359013
358769
358681
358501
358302
357726
357704
357474
356777
356563
356474
356336
355493
355391
355368
354857
354397
353959
353404
352969
352832
352060
351923
351880
351745
351669
351523
351418
351344
351105
351078
350794
350191
350125
349199
349106
348998
348960
348924
348880
348776
348619
347991
347866
347720
347717
347538
347438
347395
347295
347161
347001
346787
346742
346357
345909
345814
345224
345217
344941
344792
344382
344144
343928
343424
343297
342366
342305
341844
341760
341700
341607
341142
340778
340485
340359
340314
340143
340127
339983
339908
339742
339683
339469
338919
338359
338296
337469
337204
337036
336758
336617
336347
336148
336009
335779
335778
335523
335253
334677
334571
333957
333399
333331
332823
332776
332662
332576
332133
331391
331340
331222
331113
331035
330641
330580
330000
329898
329736
329667
329564
329510
329217
328558
328197
328175
328092
327991
327922
327592
327323
327264
326163
326104
325986
325857
325501
325300
325120
325116
325102
325014
324488
323785
323347
323095
322694
322533
322446
321776
321377
320882
320825
320820
320597
320213
319762
319581
319375
319270
318782
318714
318472
318443
318365
318360
317890
317669
317336
317275
317009
317009
316674
316590
316251
316071
315639
315552
315425
315190
315149
314496
314288
313859
313461
313188
313070
312651
312580
312476
312414
312385
312311
311265
310919
310493
310453
309669
309642
309403
309313
308814
308700
308489
308022
308018
307515
307332
307078
306867
306781
306590
306086
305563
305552
305479
305439
305400
305205
304850
304828
304673
304631
304292
304121
304109
303880
303608
303137
303021
302928
302875
302311
302130
302017
301961
301892
301776
301293
301284
301111
300856
300423
300102
299937
299905
299323
298156
297931
297833
297823
297676
297314
297141
296599
296565
296427
296413
296327
295623
295476
295341
295270
295037
294949
294928
294759
294446
293348
293315
293309
293132
292864
292506
291818
291335
291280
291228
291135
291094
290979
290648
290356
290210
288611
288168
287474
287183
286838
286666
286558
286481
286110
285985
285968
285390
285219
285049
284954
284638
284476
284323
284049
283845
283729
283557
283391
282276
281782
281540
281484
281413
281326
280729
280686
280679
279949
279802
279227
279087
278752
278436
278338
278061
277965
277932
277903
277809
277596
277494
277163
276462
276344
276127
276115
275660
275222
274824
274735
274689
274508
274355
274326
274259
274202
273843
273439
273120
272428
272111
271777
271585
271319
271240
271234
270954
270912
270883
270665
270385
269785
269346
269304
269103
268862
268760
268743
268045
267584
267481
267413
267246
267163
266794
266115
265738
264763
264698
262944
262709
262661
262410
262403
262355
262189
261940
261833
261765
261646
261631
261526
261520
261503
261089
261052
260806
260436
260396
260051
259895
259718
259580
259525
259395
259350
258610
258545
258206
257830
257604
257372
257265
257061
257047
257005
256896
256576
256495
256492
256489
256184
255969
255760
255652
255189
255113
254937
254619
253874
253310
253298
253146
253115
253043
252413
252329
252261
252028
251985
251560
251429
251107
250580
250212
250122
249998
249861
249661
249517
249274
249195
249133
248300
248195
248104
248001
247936
247825
247533
247292
247159
247035
246874
246624
246603
246259
245680
245650
245611
245498
245421
245147
245112
245075
244944
244783
244768
243817
243591
243486
242741
242658
242487
242051
241972
241917
241472
241040
240770
240464
240142
239670
239391
239027
238957
238848
238415
238243
237957
237814
237514
237287
236503
236493
236361
236279
236107
235985
235795
235712
235701
235694
235642
234303
233428
233398
233319
232384
232224
231881
231473
231331
231010
230798
229957
229471
228416
228372
226864
226402
226226
226204
226175
225555
225289
224359
223974
223874
223538
223327
222915
222904
222886
222848
222757
222211
222192
221977
221879
221802
221761
221738
221101
221089
221038
220866
220837
220386
220305
219777
219446
219438
219172
218756
218417
218102
217828
217369
217293
217070
217038
216843
216212
215813
215603
215315
215254
215046
214805
213890
213757
213418
213400
211674
211659
211561
211409
211267
211215
211127
211030
210965
210839
210640
210310
210122
209533
209503
209331
208884
208730
208327
208301
208273
207957
207939
207368
207088
207066
206980
206631
206066
205825
205822
205458
204740
204662
204512
203733
203526
203397
203391
203234
202929
202184
200974
200957
200940
200910
199779
199117
198937
198879
198828
198473
198457
198173
197720
197475
197431
197158
197138
196991
196430
196421
195856
195779
195432
195080
195009
194264
194106
193871
193793
193182
192941
192853
192371
192030
191919
191829
191483
190476
190165
190014
189533
189465
189373
188960
188929
188834
188234
188132
188032
188002
187961
187630
187571
187445
186933
186803
186369
186256
186245
186154
185974
185251
185117
184852
184449
183885
183882
182948
182547
181988
181494
181388
181078
180972
180816
180547
180404
179925
179762
179374
179364
179083
178774
178752
178699
178522
178389
178293
178172
177550
176972
176568
176386
175984
175971
175882
175689
175585
175549
175475
175364
175363
174897
174375
173345
172447
172417
172397
172143
171634
171478
170944
170780
170061
169400
168509
168481
168223
168145
167958
167621
167473
166870
166609
166125
166045
165764
165607
165584
165052
165022
164834
164714
164543
164314
164303
164052
163990
163594
163584
163190
162624
162395
162268
161718
161393
161360
161157
161133
160520
160204
158847
158745
158555
158361
158201
157916
157656
157620
157562
157015
157001
156799
156690
156630
156541
156203
155760
155421
154440
154332
154172
153898
153813
153695
153601
153025
152964
152460
152213
152193
151788
151689
151655
151508
151508
151326
151202
151011
150426
149856
149704
149059
148831
148621
148615
148062
147944
146979
146447
146305
146106
145895
145433
145395
145374
145205
144642
144407
143030
142719
142665
142575
141728
141661
141639
141533
141335
141220
141193
140855
140845
140756
140422
139417
138897
138841
138742
138329
138259
138116
137755
137622
137432
137309
137065
136569
136303
136027
135690
134940
134400
134199
134005
133737
133681
133525
133284
132931
132538
132273
132198
132038
132000
131959
131796
131610
131539
131224
130784
130675
130673
130095
129854
129821
129790
129675
129141
129138
129115
129061
128959
128442
128169
127912
127897
127782
127703
127596
127586
127496
127462
127099
126897
126812
126374
125363
125341
125165
125157
124948
124323
124293
124228
124093
124017
123683
123045
122868
122494
122268
121425
121364
121204
120473
120371
120339
119978
119834
119692
119586
119576
119261
119113
118568
118363
118319
118112
117517
117253
117215
117079
116520
116496
115846
115616
115212
115021
114401
114364
114275
114229
113802
113648
113572
113510
113460
113438
113325
113049
112962
112789
112763
112679
112147
112127
111902
111884
111861
111685
111650
111005
110984
110718
110644
110598
110478
110222
109827
109526
109497
109370
109364
108832
108094
108018
107675
107642
107637
107440
105627
105509
105216
104898
104634
104185
103973
103878
103786
103265
103179
102994
102560
102538
102150
101944
101765
101634
101443
100893
100164
100031
99401
99299
98905
98456
98331
98170
97512
97290
97141
97083
97033
96979
96913
96789
96689
96616
95732
95386
95269
94935
94848
94846
94377
94372
94274
93360
92941
92852
92755
92628
91863
91809
91662
91621
91399
91033
90509
90501
90430
89230
88876
88698
88592
88331
88260
88134
87668
87666
87624
87445
87376
87248
86960
86959
86913
86520
86261
85039
84742
84212
84178
84153
84017
83972
83937
83882
83820
83805
83670
83624
83574
83531
83506
83396
83192
83131
82926
82765
82607
82494
82242
81850
81735
81671
81572
80576
80356
79876
79727
79593
79376
79305
79138
79100
78835
78549
78307
78229
78136
77679
77221
76696
76688
76593
75910
75864
75848
75537
75389
75311
74855
74694
74678
74632
74225
74188
73820
73426
73299
73146
72401
71870
71498
71205
70680
70583
70405
70272
69849
69773
69569
69398
69243
68792
68513
68370
67672
67662
67658
66335
65511
65225
65190
65186
64913
64738
64304
63920
63725
63578
63437
63242
63233
63094
63077
62941
62787
62681
62588
62224
61843
60635
60170
60146
59803
59795
59613
59379
59206
59174
59109
59022
58954
58436
57883
57684
57652
57501
57342
56925
56858
56491
56320
55904
55882
55551
55171
55027
55016
54897
54843
54800
54673
54617
54023
53642
53531
53269
53239
53050
52744
52649
52598
52163
52097
51987
51826
51359
50847
50485
50028
49951
49738
49553
49537
49372
49250
49059
48993
48889
48428
47826
47526
47382
47224
47009
46504
46452
46030
44687
44643
44604
43828
43666
43633
43402
42908
42880
42695
42687
42574
42461
41674
41498
41318
40691
40625
40458
40182
40083
39856
39791
39735
39595
39493
39387
39061
38848
38096
37855
37493
37457
37452
37374
37287
37226
37026
36999
36847
36485
36387
36207
36173
36058
35998
35683
35682
35507
35464
35112
34798
34705
34528
34192
34018
33012
32322
31924
31447
31416
31339
30645
30447
30365
30144
30144
29928
29742
29653
29590
29003
28427
28160
27884
27045
26543
26474
26136
25880
25283
25092
24996
24918
24739
24460
23975
23804
23609
23181
23162
23139
22816
22720
22436
21852
21545
21183
21155
20605
20316
20250
19869
19706
19638
19608
19598
19503
19292
19236
18975
18968
18951
18916
18701
18579
18260
17845
17834
17662
17578
17324
17137
16993
16255
15964
15931
15894
15741
15395
15328
15326
15230
15158
15101
14677
14670
14622
14600
14528
14511
14508
14421
14240
14123
13949
13230
13092
12943
12811
12736
12728
12701
12635
12046
11891
11817
11325
11265
10975
10770
10508
10378
9719
9442
9297
9098
9070
8863
8366
8297
7899
7884
7756
7320
7312
7017
6834
6559
6016
5981
5943
5904
5088
5073
5030
4931
4841
4553
4095
3859
3587
3463
3447
3099
3069
2246
2144
1701
1310
1279
1277
1084
625
281
164