999975
998976
998643
995293
993703
993529
993258
992871
992729
992583
991929
991451
991404
991147
990661
990403
988214
986949
986433
985678
984671
984322
984189
982803
982001
980747
977821
977524
977349
975446
975356
975237
975047
974708
973344
970945
969611
969119
967868
967560
967499
966763
965813
965197
964996
963952
962682
962633
962373
962076
960319
959927
958834
958572
955564
954417
954361
953043
952641
950807
950451
948457
946934
946677
945782
943812
943062
942113
941783
941514
939796
937201
935583
932950
932059
931065
929421
929264
924601
924080
922891
921300
920789
919755
918577
917400
917148
915636
915603
915280
911987
911817
910830
910272
908740
907871
907364
903687
902331
901712
897163
895815
893160
891774
889696
888548
885590
885338
883530
882998
882441
881895
881727
876923
872319
871874
871643
871284
871095
869739
869311
868232
867802
867542
866760
866399
865721
864795
864670
862456
861994
861130
858412
857931
857033
856898
856674
855370
855342
854692
854358
853928
853599
850386
849705
849042
848648
847910
847698
845919
844944
844751
844474
843203
842149
841567
840717
838819
838034
835180
831323
829959
829541
826936
826652
826491
825967
825596
825471
824643
821587
820642
820487
820257
819479
817745
816940
816142
815285
815087
813070
812316
812281
810321
807809
807224
805964
805855
801824
801673
801372
800985
798687
798201
797993
797480
797366
796827
796303
795864
795661
795388
794837
794271
794114
793823
793512
793008
791889
790317
789123
789100
788720
788716
788612
787358
785545
783815
781584
781486
781358
780685
779942
777912
777089
775845
773881
773022
769887
769493
768498
767806
767417
766770
762335
761346
760688
760577
758909
755524
754083
753020
752010
751562
751046
749785
748887
748497
747910
745472
744488
743285
743118
742640
741745
741421
741358
740704
738267
737625
737505
737192
737053
736981
734078
733809
730948
728409
727258
727153
726179
725771
725412
724699
724598
722101
721212
719900
719771
719761
718144
717459
716341
715439
715349
713590
713052
711697
711358
711011
709666
708381
707215
705821
705231
704755
701470
701061
698658
698181
697980
697937
697779
697421
694546
694241
692752
692709
692618
691357
689869
689510
687244
686402
685948
685788
684934
684283
683345
680669
680189
677761
676717
675517
675217
672628
672575
670227
669928
668788
667652
667475
667465
667353
665325
664864
661445
660889
660753
660201
660175
659303
658065
656953
656107
653259
653208
650323
650145
649626
649234
643373
642314
641979
641654
639573
638778
635840
635342
635163
634316
634076
633743
633316
632846
629846
628613
627328
627181
626913
626676
626390
624788
624397
624223
623355
622884
620981
617385
616389
615525
614260
614056
612935
612144
610214
608937
608225
607892
606616
605697
603680
603610
601745
601561
601046
600948
600234
599158
599024
598988
598474
596969
596106
595585
594875
594666
593854
592179
586494
586359
585527
584875
584631
583548
582897
582354
581994
581862
580239
579428
574162
573757
570493
570180
568337
565756
564420
564131
563704
562212
561600
561341
559843
558280
557442
556224
555205
554823
554647
553488
552611
552434
552066
551499
550773
548301
544533
543181
541375
540785
540649
539995
537326
536265
534855
534849
533286
533020
530453
528010
526460
526414
524859
523118
522911
522601
521366
520663
520201
515593
514418
513456
512991
512977
512326
510950
510801
509269
507112
506613
506399
502395
501968
500990
499813
496372
494668
493033
492544
489961
489865
489495
489374
489021
488711
488642
488472
488306
488110
488024
487549
487356
484451
480417
480111
478900
478720
477740
477164
476748
476504
476301
475772
474400
474283
473005
471339
470693
469317
469256
469130
467573
467516
466233
465772
465394
465381
465117
465059
464631
463459
461394
459810
459714
459121
458360
456406
455640
455549
454592
454469
454295
453821
451752
451062
450509
446192
445860
444630
443352
441428
440581
436587
436343
436057
434538
433031
432585
432480
431452
430840
429044
428599
426619
426289
426242
425891
425115
422702
422295
422286
420873
420793
418040
416606
412609
412358
411219
407639
407213
404978
400731
400730
400197
399412
398187
396998
395545
394652
392800
392244
392174
391238
390790
390604
389545
389470
389195
388965
386741
383722
383017
382902
380169
379946
379804
378248
374262
373679
372292
371718
371629
371366
370649
368333
366358
366036
365892
365594
365043
364668
364508
363425
362959
362717
359428
358717
358132
357632
357386
354955
354706
351273
351116
350711
350700
350364
350211
349266
348867
348380
344134
343060
342781
342564
342401
342313
341081
339801
339638
337509
336941
335947
334765
334682
334461
332542
332109
331521
330155
329447
328458
327490
327046
327019
326040
323165
320538
319335
317164
316989
315268
314703
312389
311855
311468
311283
310991
309063
308829
308747
308303
308063
307150
305332
304367
302343
301782
301521
300805
298630
297675
296981
296487
295560
295449
294103
294061
294037
293717
292899
292136
291747
291051
286996
285692
285386
284111
282858
280359
279298
278161
275655
270876
269369
269124
267531
263815
263502
262029
261719
261133
259234
259105
258521
257470
255684
255485
255382
255348
254444
253752
253306
251788
250806
250796
250678
249757
248985
248803
246653
245458
244748
244636
244346
243140
241384
240625
239726
238889
238611
236764
236734
235785
235516
235445
235328
235267
234234
233351
232749
232015
231848
230690
230115
229800
229136
228919
228197
227861
226125
225794
225348
225136
224463
223776
223288
222494
222457
222141
221471
221399
219529
216500
216144
215838
213940
213782
212872
212478
208839
208112
207426
206502
205517
202954
199416
198714
198554
198163
197302
196428
196295
194373
194334
192423
192110
191416
191321
189822
189781
189451
189429
188948
188519
188238
185366
185322
182875
181108
180947
180755
178836
178741
177792
177307
177000
176456
176142
176065
174306
173176
171354
170712
168850
168261
167669
166632
165859
163260
163054
162119
161424
161078
160658
158440
157442
156370
153295
152428
151774
151696
149477
148388
147758
147235
145346
144908
143576
141619
140489
140370
140113
139024
138832
137514
136269
135059
134847
133712
132532
131834
131466
131053
130953
130413
130365
127288
126262
125348
122330
122016
121466
121404
121356
120458
119751
119703
119028
117492
114681
114567
112709
111538
110919
108903
108815
108307
106358
105847
105083
104340
104334
102969
102676
102636
102260
100509
99472
99233
97811
97648
97085
96691
96297
94410
94080
91244
91097
88737
88609
87976
86135
85944
83759
82532
81166
79096
78847
78631
78041
78014
77282
76462
75793
74855
74732
74342
74306
72051
70774
69818
65936
64628
63112
58952
56970
56625
56316
55348
53791
53568
53507
52201
52197
51890
50540
49636
49612
48991
48707
48306
48190
46831
46568
44631
44076
42381
40949
40754
38378
38358
36772
34129
33848
31799
31139
28002
27708
27184
26289
25114
22768
21044
20685
17426
17186
16640
15464
14670
9450
5015
4960
4287
3070
2951
2823
2351
1207