254722
291455
848806
555637
303990
586553
645789
26607
972124
859281
978824
899788
763126
473500
23504
646437
771499
294801
145043
675075
644741
908408
754160
623153
19868
59330
879852
470585
960622
960416
377652
855935
244120
769950
551695
772627
17193
407808
733538
987494
936364
960787
827903
900676
988702
274207
316117
978438
2418
58324
582368
920964
968633
404157
203568
273923
127638
366635
580519
465693
446194
717113
563519
311752
375605
2315
919217
566806
227804
610999
480383
765141
988957
76899
213683
354167
829037
908802
564647
623459
614489
784424
618558
843016
557508
87797
952698
944740
96613
927822
931214
980881
262327
415511
645296
27567
801131
978280
2300
508082
249016
1109
664107
124695
537081
325049
907860
325706
392691
492573
770491
559312
921877
798293
582734
402234
363829
817248
964121
617909
949284
458718
643361
937437
25502
956015
121108
425829
519486
813842
507395
454481
581653
632678
809882
646344
115194
427452
254968
192127
787176
677814
453616
26644
554881
243458
585563
914753
943289
381286
724074
741223
175663
896521
638828
62459
383721
182236
963934
591581
333287
858976
133861
923163
123947
173639
229824
434777
190124
722055
819221
589908
273171
538440
272103
100153
283027
627569
334311
910798
310986
868738
113539
868335
580008
915369
981094
512444
655555
218044
289393
662812
963535
173277
49952
771947
621505
861991
862596
641329
303220
425959
792516
540763
435070
424861
443083
336358
798104
186049
775265
443691
590592
495013
860628
711686
862717
863143
144942
835420
147973
982366
435973
944992
754349
842204
5279
448296
213157
117187
862426
134547
999229
320717
365767
518276
245880
840161
551884
485752
440172
700478
753796
292646
104911
969051
477415
376447
125846
575105
726761
850149
980586
841824
881063
442955
648495
342184
106759
800258
220365
842833
813992
637016
199979
506879
988358
346202
952218
27908
671265
683903
464284
190051
795460
539857
124615
853605
580837
694935
674639
663001
143569
302462
268289
312907
96776
729578
675355
137886
953940
152068
994874
568925
653620
995184
589342
31839
155082
524958
799155
410453
989777
900137
283385
332146
97308
45463
822832
370618
25682
941542
683596
148226
64642
774134
498182
749911
645877
516965
439510
788625
660374
974879
883020
310577
810172
253088
824957
164764
950216
135836
221156
19902
410516
249947
29696
889208
534383
136487
991191
7350
370755
351722
102905
326266
340909
217077
772143
297676
7992
171438
821486
311947
9490
921636
435374
766158
323348
386245
721182
210975
349341
244486
263254
355933
866333
137359
128978
354638
5721
101295
832489
185630
244690
928984
699808
804442
885201
127022
361439
109046
668349
922028
774688
883946
27127
370001
218676
451517
925376
797412
124594
37772
207518
792453
842312
959066
44707
717213
937439
685588
563798
218954
410210
146744
480811
881947
949232
372859
354619
369491
766435
213451
804249
105522
857238
218403
673216
888787
222686
234492
212371
763746
974025
285241
254664
220443
317272
141911
389369
858176
701979
871909
953109
880884
609809
357145
818669
815465
999552
500800
227507
389455
712382
281846
786517
34832
902213
62557
925773
774571
963374
860811
217382
371184
183474
84687
58626
321607
382294
245186
421748
123492
39131
849932
164211
33067
183198
454237
501421
15681
245114
289411
833487
38551
693782
271688
237265
840403
560587
212810
20624
305386
649591
793831
846476
776358
185717
762423
148608
741131
191206
473143
949025
367596
70261
147358
750402
804100
350914
487771
735535
552406
317682
668238
735133
310592
356992
447506
702201
549140
222389
571353
792895
336996
661249
958387
84456
195770
223639
659392
983259
936961
135916
613174
472270
51456
906163
917448
693201
499976
23521
372805
879224
371755
670507
98108
428016
790260
109288
220218
17682
251905
870167
253694
584226
132772
778655
481203
271819
899137
620356
49691
153269
111120
741407
633695
427188
538454
858700
817791
238823
81082
763218
59042
475145
986202
840567
424121
97830
91789
671607
986931
31014
873623
514837
240890
967570
449015
153766
675958
525537
951864
229370
578712
280644
515539
445805
295449
217676
731750
434109
835698
892048
760948
409093
543334
588786
560035
704964
146151
923902
783424
608816
511335
704738
695527
122164
648071
724750
563642
931717
809832
640444
742473
13935
848192
547827
341787
738444
485880
216182
959989
610027
960471
314378
150660
302823
615118
273537
959974
68495
584263
572588
729924
988686
50962
166006
160974
789463
55899
693088
278537
589443
47603
302126
952362
503292
492913
749508
375357
37313
912799
603012
881697
516288
559969
755487
518513
604507
950898
955261
20446
861136
973271
547132
239613
762051
630527
558340
721515
295536
315414
140180
351050
848453
626214
722861
708892
422011
134778
103673
823734
920829
382025
280932
999104
801723
74820
332266
210501
695399
927343
191062
339724
733193
486672
340101
178520
796883
556114
644082
230281
57816
715384
582735
680906
281396
43045
930407
890655
779349
205961
186571
260342
191541
29732
182872
565025
401959
939639
720306
171527
946749
349066
60256
769578
367255
45757
193453
353688
226998
120961
979776
966318
721805
422091
222101
847628
759287
807468
489825
579662
780995
886640
83043
269528
571485
188000
331292
254150
932538
62017
739700
447512
340893
188646
374950
863127
962996
40838
180634
759874
160153
882422
177905
245128
479059
874842
323291
487802
800534
667561
434984
216340
889957
288047
516499
63677
570191
96487
954664
968661
909157
995489
453501
733925
241195
220444
288887
664359
81274
909446
965585
956390
307806
677987
876730
178984
753715
825107
692373
6262
770397
606881
823555
806494
828520
103933
451765
295708
519099
810634
829590
748833
744871
601972
559871
30147
432088
351129
356367
177331
638585
951245
345232
777084
303873
705074
590328
810941
727467
239658
572650
296527
86718
637964
731634
727318
946190
274257
602989
578985
469097
138382
369999
503396
903173
887129
656696
807626
991775
229143
496523
875688
661552
294597
50628
195277
55043
209442
494119
59510
581271
710235
575629
307387
944492
245887
896910
504235
435118
310429
630971
430598
741057
487083
846934
835897
338818
833650
264394
109862
300180
868362
191231
423345
129211
180585
674373
955268
238559
967820
779277
601180
244453
655867
41287
516036
170468
922966
243848
865825
380608
166322
216687
410417
227732
603187
264433
275621
478303
664365
900435
757926
527922
181933
375201
656623
314747
518847
765179
745224
890854
866243
837854
621523
623842
429419
891478
431912
106138
527445
949294
993397
861855
270803
453628
275308
977787
189431
376004
873091
89341
269461
448042
595785
730603
2999
48923
783265
140664
518567
691640
537846
960051
612357
356580
112236
417264
484380
689675
198400
213902
279262
638981
985463
980101
756466
536623
281179
373089
710541
301855
319981
654347
742804
880725
886866
816779
325150
509791
453406
621061
22747
33832
979125
318251
553120
984709
291403
937088
17446
690583
356893
881258
411662
866529
16448
827260
781243
971404
114058
988568
497593
277026
887505
810683
385036
28916
514678
320215
581634
235139
201802
165304
964027
638822
265894
115742
775411
175977
196840
798836
241044
31446
818514
85710
979227
202636
510837
740259
282244
253449
34950
235272
904414
838765
969207
488013
646635
92216
662767
800308
896111
28882
497707
790708
718782
818184
221326
496284
796230
399553
802372
328023
242854
603258
594424
124250
181361
121147
242314
997258
111928
405603
607491
186032
518569
804105
399692
468566
422346
945505
735611
738326
467451
157180
540261
14393
58765
217644
358996
876014
804007
24902
875736
480932
735520
376551
746353
319454
782324
794318
680665
702251
569049
160419
916788
6511
241200
648822
675839
835690
579695
86052
228609
788427
289113
460736
661189
460643
668755
758454
800976
350212
115087
972715
863673
755675
15571
977614
887947
90235
576237
202165
954170
304394
916058
673735
709133
945113
362783
963406
95384
955721
830770
693885
824561
699657
844123
897727
799398
192411
694728
476705
807068
426867
907278
153613
230982
90197
884676
732936
150333
967021
575562
75745
459409
537004
990987
305939
841927
269083
94116
452132
334192
562338
850865
660539
204457
536663
164559
495279
74505
478912
758296
866054
871280
816539
21001
376127
592136
203430
740105
286961
908660
98533
358984
474466
942277
247337
175026
148567
170414
620324
101205
106902
388340
949882
579808
265475
551182
786419
978300
949402
341187
12717
480910
235307
168258
820623
406062
693154
607611
233082
104417
144799
658116
137328
632356
740421
291001
35772
222664
265899
732346
973963
624961
399015
743721
318409
929327
556645
819001
180946
364718
736863
132289
759234
239742
546986
647796
400861
160751
644660
664062
995740
117779
806579
104809
920914
656746
848152
408738
261217
491105
732352
324362
502527
364084
928534
298208
433240
993175
372891
283408
971642
289787
35415
7911
402417
934612
155517
185340
538455
271416
830604
42554
114224
968458
968768
794176
229860
340007
643904
866446
491939
371575
930816
419571
629137
612921
515972
977557
170730
762232
800677
825210
659480
770977
655235
384928
217059
798009
190685
790867
372266
166642
69071
268697
58344
941323
860685
690976
814409
295547
240373
935027
732993
567507
347731
84143
687956
140410
646912
709509
683348
506207
970065
624658
660634
680304
740883
931059
759739
8700
733044
114281
592234
40553
566950
450350
979520
428495
419422
117920
937765
3234
261616
535838
657815
916294
620259
817283
977774
705224
175544
242317
457519
628638
407562
595882
551379
682923
23679
781438
669049
532343
461093
107379
457534
338971
352339
7929
492426
222512
555920
436969
163646
557166
852930
917229
359899
587556
293747
174175
89366
990722
522185
876997
551626
909
382135
599502
651634
645759
44949
934196
27650
608709
788900
363386
87853
950025
350691
585664
209772
207487
287074
229604
850008
59369
649086
828905
403198
163631
705025
881156
573908
431388
483686
690640
114366
564489
282127
82654
624285
985100
976
912474
254557
314448
788708
38270
833178
45585
386140
763130
687643
499995
707926
192223
77643
203905
874569
715914
903643
818736
468184
391954
377401
893776
664118
185134
569135
80089
846629
22027
50681
388930
522555
626198
347380
51303
704620
939581
143948
567506
649224
572767
274190
977493
573088
154702
895785
271136
876360
515605
551535
486274
38812
965807
329815
282015
134652
608465
977134
477319
653313
410562
82404
86044
222656
347884
354254
758717
373957
613044
13689
71738
881483
435580
38226
919510
208357
134713
198374
834664
72852
172994
618992
361224
15097
137114
819182
664572
318246
177855
122723
832270
94142
845470
142657
828589
211807
488068
740737
577498
381961
233919
624098
295637
273222
828508
184126
805301
705020
85748
222432
498276
694914
75186
938944
109778
98184
940632
352084
271905
184489
348491
373665
390857
470873
408596
593545
762390
989046
3204
324604
595443
705061
220611
532789
606950
305581
520104
428429
101080
491780
982106
212337
594700
421653
708861
685145
587386
415175
763185
728675
102612
239834
880693
951214
340581
261549
32350
49473
996948
962957
379283
716141
861177
379166
757865
353328
590612
373262
898505
377081
518797
832321
274668
909631
44439
289770
600753
318508
72720
559605
154396
458226
713079
6347
602951
114642
383218
75426
107564
725986
437890
161710
303261
181581
499789
654534
316719
458025
1950
184211
375114
769220
262249
617417
623599
989936
667033
792134
380485
530021
210829
313689
900881
340214
973287
566991
475476
208607
148272
233966
219228
76426
525159
618458
748030
241594
370090
955517
997765
529545
113660
902588
892299
204546
27720
845595
466583
611337
255858
742958
289769
786356
129955
48476
628841
63336
803687
391854
443075
271207
562625
22491
620595
509803
710711
891286
465610
571192
651139
609138
819857
560671
298539
621396
743387
745836
312866
766864
887048
125579
268401
807841
735305
220742
75967
695002
849320
474421
413146
439400
867311
635692
59244
110616
729884
28984
984029
970344
614942
888643
570974
709297
165377
559515
494721
198228
111058
296293
595010
520560
967324
255255
200993
172223
615088
785183
289319
27631
162415
184273
801588
175320
121393
875039
236556
266842
217850
37015
709917
977321
327818
409472
397511
263387
623214
322825
865774
976475
210090
222093
237833
477561
669395
23512
485992
758300
212126
55388
191137
763467
131381
21006
612599
499023
219016
924493
108765
477838
234404
271864
330564
160124
669179
427892
530095
398517
466512
58272
5122
764421
491582
321143
603555
330550
756048
23658
288489
298410
683629
575325
501732
254067
439630
548318
147219
142902
734783
329803
861143
811847
537689
692514
84013
295396
971371
23468
620776
634231
330276
982295
300698
312948
412888
475954
350960
630477
807363
635829
160010
594163
65449
945146
659198
205506
29566
877561
317361
93641
944240
426888
504642
642577
441048
500517
157628
31727
990268
115247
752121
960650
608132
791507
8523
469197
726376
199595
593486
612460
230693
101324
49072
566699
944444
947905
169854
264342
280379
482572
703798
818372
1697
176487
847408
534333
121109
646697
220824
447586
753640
290001
902356
949937
463377
114273
263091
560436
685395
347164
149501
25031
614833
786416
762003
724388
900872
30006
434917
88577
401221
214328
816186
641202
47315
221239
590961
13141
819581
957765
40506
793278
479008
696693
665878
578666
992224
270085
458695
423127
642734
731794
96467
751041
643546
775465
955075
30476
864246
375140
179295
149520
533639
510369
737991
538036
909918
813672
475119
613597
418349
785320
271588
909826
432782
527866
614314
49390
937952
220291
66644
356484
358331
480395
579018
977782
301993
370094
304688
585433
886201
755072
660339
42462
69536
866445
976285
900165
521001
975613
27185
819832
139973
673581
810721
905803
246344
940487
19124
837779
642691
889563
335149
51197
528783
432898
843032
707895
307722
646025
400254
411869
465454
500336
292891
297512
354339
19152
465678
267761
907738