219446
986638
469217
269103
36058
916210
514213
52598
575585
542020
839892
971460
74678
495391
965340
77221
999423
955246
636934
132198
776773
804676
833809
325501
165052
336617
122494
733003
835097
386495
162624
574972
252413
445839
765144
947211
540336
845036
540712
771657
463954
221977
538273
351669
939046
967550
621480
520933
887743
251429
427389
753815
318714
222757
47224
211267
517400
14622
144642
178389
14421
714997
443253
662968
35507
562187
306781
466469
432457
541745
927750
754333
832019
290979
190476
423567
835552
245112
432743
422756
187571
947426
669024
521514
967072
880491
437652
594687
969332
341700
442593
766125
585605
133737
108018
423123
593287
640493
660539
918090
42687
180404
336347
154172
258206
400579
39493
7312
436293
377354
659526
17324
579347
389754
869855
188002
605070
204662
138841
9297
808005
341760
783211
627505
852323
200910
652110
342366
661651
202929
481532
593748
42880
884615
351105
315639
389376
258610
550253
270912
247159
921955
875054
977628
910697
313461
267163
127703
577439
741182
600729
145395
172143
152964
638563
998114
433954
274259
223538
719224
165764
989098
925669
878827
117253
872469
947708
397347
971708
260051
376757
681138
676045
863102
108094
675916
120473
178699
984136
798777
481960
359474
442078
861211
959360
200957
385849
499310
986735
70680
328197
817151
953695
477297
15741
432249
888033
13092
871162
105627
178293
749556
482865
308489
257265
196421
593411
493233
970616
794913
805707
484186
89230
304850
886071
65190
705148
898281
273120
281326
156203
690112
909134
290210
888567
222192
50485
256492
165584
454390
484875
131539
325102
158745
716242
937760
176568
312311
351078
223874
504442
776236
557727
409918
96616
937886
819872
164303
899800
356474
923531
981924
484673
458410
29653
389969
730348
605629
375367
30447
327592
317669
500703
885041
386469
734851
939732
958450
798448
876272
803716
321377
847337
10378
109497
543205
616636
309669
844667
849731
578119
782693
255189
82494
720887
123045
222848
836864
907817
367753
877622
757906
244944
351418
264763
426306
2246
53050
699971
39595
652745
933166
30144
762726
564253
86261
318443
898184
497281
792919
547773
318365
54800
477219
164834
34705
403601
664167
167958
461388
251107
837095
805702
649778
404111
12635
457023
599451
62941
967659
969543
898467
427051
372209
152460
833367
480597
828558
709032
806924
395645
88134
65225
905688
158361
583488
235701
941085
164
303021
655320
41498
827447
861048
97512
940888
787670
909015
175984
910988
831159
179374
465356
571718
205825
575288
162395
389297
537218
941117
573359
868775
312414
913708
290648
642879
654737
463333
390843
294446
753612
639409
410618
457940
547559
988407
305552
331391
220305
316251
576701
204512
616165
43633
487926
831522
975698
248104
931978
61843
308814
242487
473674
369898
768399
477493
445640
974586
981146
938665
627197
329898
260396
480415
594370
55027
991855
605408
726710
307332
248195
780801
521443
185251
987925
538430
191919
823876
251560
617372
178774
240770
866951
872280
852566
23975
692145
710459
942194
993168
747370
859081
685406
669472
127586
249274
817942
15964
814301
549538
845485
210122
88592
904842
434543
908233
119261
754204
243486
358769
459470
787393
318360
476723
57501
911852
579695
613822
555764
886495
316071
581236
252329
989249
569056
477994
621915
768296
506970
633167
765356
304631
492345
284954
913182
583705
773281
451965
327991
854741
314288
9070
418477
75389
748416
682058
924717
421477
983602
546201
772641
569676
785359
399458
166125
776667
186245
883803
801142
64913
403495
931532
623810
765836
662402
250580
974158
416266
883771
662962
590578
545964
546513
415828
257047
864448
993024
271234
881002
576606
651867
725204
993240
178172
158201
337469
797228
815607
578024
381613
777821
215046
775838
567867
826587
271240
844866
933033
42574
816628
260436
985120
922194
546446
764346
497371
678067
452532
111005
649325
322446
816520
434025
867093
269346
368316
77679
279802
413758
112127
256495
213400
769045
621362
860498
773269
833615
763636
386825
867375
739023
431051
804762
492187
207088
86960
878057
632544
39856
938116
68513
886269
917533
226226
382311
296327
679650
709760
959656
989808
912649
608025
313070
956172
367776
604617
764444
759880
211659
667605
37026
511394
100031
741864
371860
330000
925364
932505
543233
750967
27884
158847
230798
357726
125157
17137
769542
1277
691855
60170
964759
145895
62787
55171
951379
384829
834663
745578
325120
841923
458191
772916
440583
961914
365148
981389
127496
964592
953662
606571
641611
646722
710723
483710
69849
164543
389940
217070
134400
150426
607190
280729
487803
638565
721833
118363
617165
28427
35998
29928
567463
340314
302130
827995
128442
958771
171634
78229
315190
25092
83506
615450
155421
341607
899410
144407
735274
714345
430518
26474
694671
889849
616943
338919
519437
522702
435103
608889
255760
643014
11817
233319
611321
843557
851474
853041
537579
343928
850546
730944
246259
964407
710020
548136
435441
723880
636268
241972
312476
918055
387332
192371
497150
961461
7320
503632
890428
243591
926745
44687
173345
291280
18579
347295
539014
168509
325300
84742
969151
261526
957109
996656
999841
172447
181078
114401
840890
729481
970427
133681
805750
999920
484446
335253
528266
486916
206980
467727
97290
417243
416517
18951
646601
199779
38096
636775
575217
672453
937998
53269
597626
830761
84017
699602
83396
113049
124323
763512
151202
777254
683363
574254
473397
569801
540894
377399
110598
49372
599011
776004
219777
555220
92941
987628
996778
181388
137622
322694
855412
175585
851473
582124
760362
83192
406619
610537
511862
701942
958933
923667
843220
779675
221038
98456
92628
287474
717972
968419
36999
578421
389606
46504
419923
195779
499681
902172
207957
892350
644344
947290
733913
949159
245498
479459
977783
726520
670712
430883
992197
428694
557674
902007
371233
325986
442415
603523
580139
1310
198173
959249
969769
850048
585123
444213
822530
940150
157015
59174
372791
764303
181494
461852
208730
665157
109364
592339
195080
968398
392864
274824
60635
136027
757858
926817
591895
608479
465598
738348
82242
426566
615769
284638
748352
558514
611855
457964
355391
481975
500832
551169
413077
49059
137755
652238
351923
262661
109827
176972
983813
452796
296413
550260
538203
989685
454955
12728
861614
776016
126812
946058
83574
223974
433234
782059
567749
246624
699670
977624
74632
675529
872761
638235
209503
306590
633166
851172
744780
779681
837438
4841
634414
746138
237287
57883
295037
518280
822947
482202
261765
518983
3069
898395
631220
119576
747417
274202
256896
665368
376976
890364
116520
974594
213757
566456
98905
817184
475724
482803
930802
87445
672796
275660
245421
843400
744197
902473
239027
114275
768699
580204
142575
765717
919238
247292
927803
950831
662697
480130
91809
10508
703367
420018
725139
519275
516257
326104
395401
296599
508249
170061
948999
745699
203234
606869
867039
383464
785424
560676
49951
247533
156690
404370
627395
166870
492608
363110
918227
304292
370807
516652
37374
793043
423013
832374
779452
235694
157916
124948
115021
24460
503002
63437
975355
543241
168145
925096
124093
614055
299905
440618
255113
381202
911527
799005
687791
508331
430058
517332
747733
236493
816515
694681
447124
434294
943523
576801
102538
313859
567577
430851
946820
276127
228416
644476
534673
545581
943155
464833
679098
850486
6559
583852
935185
611259
679946
191829
501819
604947
5030
852806
904416
129790
50847
386410
835802
133525
415706
450066
19869
412284
468113
562572
561599
953978
734162
662780
661244
301776
585746
124293
461225
277809
934317
310493
682431
882508
57342
20250
127462
312385
34018
313188
941893
367465
38848
807895
21183
507342
977298
293132
594890
929450
137065
971857
623221
939912
132038
510949
216843
257604
459599
867208
973875
232384
794451
689010
238243
646656
575045
567680
565499
210965
496034
188834
74225
520783
852257
271319
19638
582502
465670
611174
54843
566124
671641
766795
119834
35464
182948
518295
409312
900551
37457
902799
772351
361232
272428
516349
231331
249133
654178
671716
818749
153695
140845
883064
997741
507907
851382
408580
516772
366282
723423
380753
826621
100164
225289
443765
138897
714690
890186
612861
753279
746834
411896
347991
186933
838489
749225
853577
475093
14528
401020
336009
748889
221089
451449
753683
488503
590975
405119
967585
552351
669963
928848
971866
36847
113802
142665
715296
5073
23181
738865
598858
550211
138742
19292
473358
682378
592333
293309
544328
33012
704986
910982
412823
724479
393796
352832
15230
546172
280686
308700
866992
83624
295623
611446
903416
96689
638441
513583
545934
661002
826215
725164
113438
194106
304109
659278
453180
276344
296427
442032
248001
556746
132931
592826
578058
58436
97141
497873
694534
389968
726286
24739
245075
484525
261940
421520
83820
224359
91399
505895
883002
109370
75864
259350
934781
564574
681829
902827
262410
451857
174897
358302
523384
339742
317009
934384
317890
971902
362828
23162
203391
997477
199117
297314
563864
301293
543525
217038
654593
8863
781245
669867
588059
969859
335779
890492
962921
658871
631936
132538
492129
900350
97033
543743
537157
845296
59613
241917
692290
669878
566336
841606
958041
343297
155760
433927
652052
129141
344941
221879
767510
347001
549387
286481
103786
553978
461173
626267
294759
340485
672076
660809
374474
332823
809342
96913
550001
432247
95732
797841
220837
812469
416427
394669
285968
738352
234303
569815
414280
720242
752853
599551
59109
340127
701858
476314
297676
81572
102994
297823
928762
501324
49738
595326
277596
782406
658516
468813
402510
15894
141639
198457
975647
79305
36207
8297
136303
652076
62681
446690
81671
508128
552071
898854
660384
198879
640551
563908
611427
715021
731771
128169
406344
268760
490136
485562
771465
910993
839125
874805
330580
270883
344144
653960
329667
797409
757387
163584
349199
472605
80576
401105
30645
207368
736410
762445
698764
255652
971620
771730
277903
395667
573186
993968
443630
925787
890198
753133
675400
6834
606437
49537
316674
111902
471350
535823
562647
83131
267584
693750
626661
546657
93360
382670
122268
17834
36173
777082
7884
523050
69773
211030
403324
31416
593468
24996
796226
378340
64738
145433
19608
320882
542994
436587
39061
196430
699376
933114
1279
519820
62224
516236
651575
787267
353959
448601
310919
79100
198473
958536
623324
766761
180972
529804
221761
37855
980808
756159
328175
513155
479577
832669
883883
17845
486521
448966
696909
701769
130675
283557
119978
579034
685275
759745
516739
731836
620023
187630
716121
259895
927240
254937
763868
141533
513298
193182
791643
553071
18916
438031
479716
460816
279087
929586
190165
882277
183882
826999
186369
473521
529484
703926
102150
83805
715903
104898
703060
261646
686087
880156
683318
112962
750774
617809
374204
369231
771431
188132
82926
915545
274735
251985
887478
111861
458566
579617
497600
884407
241040
20605
152213
466720
55904
958943
494632
960206
594095
584402
907963
432538
562483
691529
835549
764540
798435
584574
932905
454071
873604
131959
639220
131224
320597
866751
88876
40458
714792
189465
816575
623609
441937
571664
731097
783720
114229
469360
673799
763537
15326
836880
984946
6016
129854
826399
827859
508396
75311
637704
238415
901365
836710
369150
301284
839332
830514
5904
962412
49250
151508
297141
946574
290356
432182
225555
256489
671088
128959
849164
949359
48993
15101
323095
185974
262944
51359
868015
645562
29742
779460
812273
498955
572786
78136
9098
258545
693030
589961
710681
329217
54023
722997
771447
120371
140855
636155
355368
457052
648627
262355
70405
522813
826968
493999
379488
625
353404
528384
746613
3099
215254
717051
87248
729474
689217
586516
415441
686650
536723
715365
188032
872804
187445
649821
863635
776443
140756
794130
72401
312580
718799
782470
855071
554322
709427
642841
130784
419921
810052
686878
259395
580010
465684
775711
990854
549729
885011
105216
380561
2144
637863
795104
886632
215603
482701
990330
924417
314496
113460
904930
876419
338296
351745
67662
430999
847009
352969
459310
866372
305439
765628
160520
97083
910960
441085
892111
739296
526807
56925
489591
693937
920242
901463
264698
748889
371306
222886
935082
57652
911383
536399
347538
952078
835878
690075
558821
203526
139417
113572
727140
999559
283729
73146
472080
427058
934490
429373
811467
512556
415549
167621
103878
284323
126897
125363
195009
440637
113325
595348
914185
756544
524959
651396
813510
347720
969948
175882
590731
429131
728946
645463
278752
55016
871837
508564
348960
51826
373764
873058
172397
650867
553437
174375
705824
359013
19706
24918
862857
440591
883292
262709
90509
127099
34798
732880
331035
369198
567768
786330
86520
575269
125165
241472
266115
914466
389224
408158
59803
908839
384079
530554
80356
576529
98331
374811
306867
141220
14508
276462
742377
995307
151655
278061
471532
465181
297833
631323
836668
59379
592974
271777
678256
966883
433402
398570
685682
332776
902183
219172
183885
824401
757535
689883
18260
355493
996788
858698
252028
860683
88698
413245
639236
877522
666592
301892
432290
119113
664441
453602
706005
151508
184449
261833
226175
669232
629930
402887
709754
474804
43402
762868
327323
451893
888812
860095
30365
117517
294928
990582
496734
255969
890766
916079
724858
718433
919961
73299
683043
141193
828250
968747
541855
778858
497521
316590
890960
111685
539594
98170
188960
675573
819629
672794
131796
270385
86959
792236
695942
91662
778653
333957
431324
200940
400756
416512
146305
826662
984099
385454
627978
454664
855294
769706
999138
846281
279227
134940
699506
35682
394290
30144
931059
532993
809659
303880
876817
381626
343424
750142
226402
156541
60146
217293
377750
727890
17578
207066
19598
992157
14511
821887
337204
568832
430684
410225
110644
679367
704912
789180
845460
753641
957735
956509
944918
640685
79376
31924
685587
301111
298156
455025
690673
550008
962668
458415
945758
302017
985996
918406
189533
695257
717844
527438
941057
40625
432967
767167
29003
873823
358501
141335
440179
492782
523214
125341
329510
806458
357474
977150
329736
887193
465187
990143
908094
1701
733148
245147
375238
416715
303137
378247
760240
735401
579740
242051
46452
841385
259718
79593
10770
725794
995409
834425
43666
164714
521867
607954
719528
758380
841271
938769
899467
25880
783282
915942
351523
537166
772789
325857
777022
605876
604110
15158
197158
499341
63094
127782
533075
76593
269785
470756
511831
187961
765685
175689
871705
247825
540418
800335
999024
833712
448205
69398
713298
426029
192853
27045
580246
835196
510485
601824
782736
620042
84153
887868
611730
52744
124228
665586
178752
940950
879025
427528
203397
396024
237514
356336
868489
329564
909332
216212
862393
315425
550613
350794
283391
841497
359819
475977
361527
613397
611524
857005
114364
801035
371617
780515
416693
236279
853702
48889
784962
790531
954601
315149
115846
474189
21545
692241
704318
339983
426141
903067
961443
783616
532939
245680
794360
449997
820573
325014
602650
360812
270665
573072
585680
286838
5088
317009
670832
85039
94935
699648
570270
934158
17662
47526
481891
365083
218417
974513
846487
938178
121204
750157
156799
831763
104185
583657
146106
639951
993119
169400
87668
756146
984570
964466
291094
94377
178522
12046
151326
137432
394422
281782
649689
863020
94846
179364
140422
47826
457575
18701
96979
275222
410884
706779
433236
835310
67658
69243
46030
919243
257005
764484
328092
989494
107642
413721
768304
186256
48428
340143
711983
688541
393841
623810
760546
257830
810712
370808
426471
812794
796069
205458
416106
828311
766737
347395
64304
398058
620342
586258
142719
691354
541174
797079
899446
476483
652434
966763
206631
871288
28160
154332
295341
206066
326163
336758
346742
110718
208301
700937
433971
406873
347438
557425
368010
520425
703486
31447
42695
586565
637456
463027
893138
505815
600562
945471
334677
650000
209533
32322
238848
569194
104634
99299
193793
556699
189373
479633
356777
690528
36387
555363
37287
688478
912410
797752
968214
488729
734635
568038
860999
577076
398356
436446
410301
122868
732666
149704
41674
631569
424805
348776
404579
891745
947988
331222
571968
405729
172417
722658
925853
526797
717421
261631
158555
226204
399276
671183
354397
448554
893550
488012
240142
969469
520115
692823
452437
300423
345224
578691
325116
540045
994456
7899
135690
991323
320820
213890
151689
517529
461821
233398
723538
807505
467572
758531
34192
129821
557779
977376
130095
636344
170780
787663
945989
948676
809314
483136
304121
79727
563509
716149
707778
548891
907373
505325
828272
166045
620599
927303
951833
692986
620586
851107
736303
596099
488667
793731
261503
286110
347717
619227
411681
317336
485668
515552
83531
148621
782698
96789
245650
667061
226864
635963
836007
711220
324488
720279
789120
628770
442807
118319
730331
529017
109526
91621
946345
678524
163594
768949
417606
40083
428001
332133
900586
945777
614615
648435
418465
57684
18975
974783
157620
679741
425338
839110
148831
305400
356563
833424
127912
65511
259580
901958
270954
678463
933861
302311
693734
488518
400080
266794
785057
425359
204740
994078
522134
153025
634976
348880
648745
537579
463433
454233
960509
127596
518125
815610
461347
966033
746453
442327
878214
968702
861819
997081
584134
751417
971929
37226
744654
249861
811310
758621
676560
877348
406589
184852
495596
624519
843541
871663
306086
66335
654726
309403
221802
983373
79876
68370
556520
564328
115212
277932
285985
555810
15328
746475
929368
539176
782105
277494
812624
320825
999450
817342
181988
426628
933087
262403
101765
882300
731012
273843
552226
5943
153813
87376
849306
988540
507039
786977
928939
90430
300856
619079
643884
803259
725458
962711
635104
842230
691240
962948
820614
503800
292506
768693
39791
124017
447356
254619
54673
154440
906251
470064
532143
877772
523234
240464
744969
556564
134005
764057
123683
53642
496620
273439
365858
110478
960868
673684
8366
389075
23804
792959
210310
186154
44643
129115
800608
292864
101634
601885
340778
598525
68792
843667
976066
707212
923638
837267
938757
898564
806078
256576
39735
748933
694466
978920
609990
906245
916355
209331
855843
921720
55551
976941
486141
918635
603333
535649
731169
522512
497327
63242
877938
51987
464700
503150
300102
83882
991587
370154
753418
670892
333331
981599
747052
11891
840933
416381
112763
579138
568359
968568
621231
288168
332576
236503
346357
848846
935203
345217
604673
868572
756371
235985
994934
281484
870089
349106
439859
315552
54897
348619
783544
731504
138116
434196
838664
161133
448532
719550
923015
540222
281540
339469
274689
248300
599567
906351
819414
186803
451141
902446
813693
565457
952346
570302
889778
537565
926532
156630
598536
368865
52163
685249
267246
345814
767240
352060
758171
640655
161393
218102
983769
434283
590209
726345
638812
377014
599760
180547
434611
980548
198828
881578
940701
663216
793718
998387
175363
103973
753641
26543
406780
920870
657556
759446
586953
718938
455301
433010
874183
992420
983794
977072
280679
162268
822647
416789
838501
991469
403522
536959
442265
883046
19236
938335
108832
699709
291135
846725
684879
856623
34528
542222
673336
610805
527194
968508
207939
502365
818456
107440
652724
829213
4553
665770
474081
877256
382780
726937
648062
115616
810975
249517
397229
76696
765306
974162
419107
59206
69569
946282
947118
70272
244783
198937
680053
884933
456768
945606
567507
253043
170944
464262
411434
428916
662564
545029
916536
232224
721997
659331
148062
624854
423292
278338
684381
854614
83937
84178
804259
674492
763604
339683
660861
525033
287183
253310
87624
842906
136569
133284
506778
438907
86913
672790
222904
492172
881616
753752
153601
588152
967104
235712
623490
581246
411674
363891
9442
295270
385578
693123
938743
860718
808432
915878
177550
748140
872799
383511
41318
16993
439465
667835
740898
674863
520274
197431
697056
601464
311265
524173
927297
362625
533450
112789
708081
786253
862150
219438
309642
220386
145374
211215
920479
905135
323347
955455
277965
453178
192030
442119
302875
866203
210640
416467
63920
941377
605091
13949
261089
121364
318782
562974
484129
117215
138329
978866
505549
773601
341844
236107
291228
838713
243817
630910
673065
798199
389316
440840
157001
847353
605009
706140
489514
149856
812618
612378
902526
841018
604553
814751
834936
767782
188234
479027
229471
414089
894903
869635
662449
257061
432339
297931
978344
926166
94848
22720
43828
411727
851517
551632
650456
858650
416940
11325
952021
698583
145205
304673
907564
40691
475246
720694
195856
841224
800465
246603
566499
561279
132000
374974
296565
146979
719741
78835
804003
440250
720530
903015
461328
271585
134199
42461
147944
680108
126374
113510
12736
47009
239670
901984
75910
641108
498479
474465
256184
859262
73426
691520
88260
492254
530908
735309
39387
726084
103179
535190
231881
886444
373041
110222
423754
920889
439344
370456
560656
268862
803758
752253
277163
948818
71205
969439
608532
675049
455186
14670
370927
604524
936322
731964
515202
543985
504050
923778
23609
127897
583255
84212
485440
944414
771594
383969
166609
639772
976440
334571
5981
345909
957404
448275
687719
941335
434242
75848
344792
491282
561362
682980
696266
735016
179762
919433
978776
572072
262189
425070
392018
83670
107637
646731
833136
35112
161157
317275
983908
385438
168223
3463
148615
111884
235795
899998
67672
52097
564089
252261
835183
71870
823545
87666
285219
75537
119586
964534
471323
658369
55882
163190
466922
391993
732466
319375
736046
175364
374861
893086
220866
338359
454073
208327
247936
555520
897513
44604
613290
641768
852529
267413
930752
116496
222211
161718
915464
591490
335778
718519
489686
794988
862654
53531
7017
894373
844801
102560
889011
594952
157656
993807
194264
117079
302928
526341
568220
443643
456645
816497
696689
616846
95269
658035
500228
476597
152193
92755
558165
377288
687248
800120
770789
458648
577465
854839
285049
845891
447014
389271
924742
141728
918670
906411
542554
249998
959415
642923
580072
318472
20316
694573
708150
898492
176386
503735
652131
710409
990771
846359
348924
822956
916155
936263
726102
554328
616022
428828
554006
755066
854975
340359
494938
909222
599747
559551
935044
354857
494191
746888
344382
92852
643240
237814
910724
626253
129138
898017
376985
448666
959684
361678
95386
580491
469068
988098
190014
985912
385730
941529
734592
208273
806119
895492
469631
427243
546327
50028
14677
872097
497847
695741
444475
471415
909866
996246
760402
221738
31339
347161
833918
53239
810081
944469
493699
188929
73820
374602
811925
951317
260806
904680
451667
308018
253146
513532
229957
461166
197720
13230
257372
392408
213418
7756
460938
82765
600272
378450
458164
704300
405767
444155
710456
665343
939862
10975
841927
22436
743729
63725
956624
811179
786616
94274
200974
221101
78549
268743
948907
378907
978626
276115
11265
909519
608130
100893
886901
372024
756666
853490
235642
342305
418018
940299
374318
40182
633988
312651
284049
281413
687823
56858
580480
101944
460240
878308
932791
52649
622010
518817
286558
469590
693840
528953
744910
655381
99401
460623
483654
121425
622745
489820
548400
667687
923156
787999
91033
301961
378864
945241
958016
491697
410359
818385
233428
167473
843705
593160
758883
609608
12943
549781
323785
168481
385225
878094
295476
274508
291335
319270
175971
978793
445934
799362
660470
171478
137309
817505
111650
88331
305563
944750
604144
558819
321776
713996
432985
505664
985320
876784
959064
632843
196991
948219
101443
950535
793193
71498
515469
845226
211674
828438
695077
707774
941419
757947
893696
533197
892313
581685
461713
608396
35683
417970
195432
965193
999533
606559
586274
217369
944730
461576
661191
782826
618604
873841
510406
293348
350125
319762
336148
4931
873708
151788
63077
433677
556555
153898
330641
723880
764194
285390
14600
831833
577635
265738
711653
887049
242658
426141
779031
644716
120339
493044
438004
718580
937400
885916
876624
191483
303608
868324
278436
534053
898737
299937
279949
12701
822400
138259
704677
118112
992806
639194
840403
926638
15931
339908
373357
835793
744158
25283
784703
81735
627027
825583
412670
795609
42908
237957
557398
357704
307078
467731
371097
540637
799490
777183
380787
160204
83972
103265
253298
553140
742602
283845
983824
719381
211409
819772
192941
346787
714808
76688
939727
647591
665667
571320
824433
876597
673345
863298
476773
807394
218756
855741
132273
380395
203733
149059
404492
467348
384677
387766
217828
594351
889746
686695
246874
90501
934195
567799
636424
208884
119692
522214
974016
65186
930980
889458
550435
902350
175549
632728
414318
74855
699562
577401
239391
56491
350191
787804
215315
411045
82607
527623
864844
492420
141661
908334
564193
37493
337036
249661
726578
202184
146447
961255
411522
79138
457625
537132
986898
698685
841058
978432
970160
723865
813892
49553
815120
883767
47382
310453
633742
331113
358681
860337
586418
957787
958893
437451
709954
210839
197475
467843
943481
902579
880265
231473
783616
880850
179925
954969
708106
749073
983008
165022
824586
971565
607356
413541
931859
646150
291818
986263
249195
882872
683112
949963
461021
81850
294949
944573
470312
15395
29590
629952
513706
956204
328558
810828
777254
375485
3859
937602
409652
151011
758065
999344
556506
776657
494288
813230
161360
726491
63578
849707
288611
919322
942675
626490
534315
478859
803309
21155
744432
112147
752739
534910
998622
244768
548461
898828
19503
646211
36485
785652
308022
915655
689138
242741
440251
250122
747589
787406
993198
538293
904183
250212
12811
675555
946198
4095
362977
933171
320213
929479
284476
333399
428235
751861
735073
696585
63233
403215
197138
268045
605446
211127
813146
351880
405989
205822
780714
868274
554381
838630
703535
9719
651532
58954
485363
59022
753620
669668
438422
579264
274326
763432
394387
438423
214805
22816
447880
516200
175475
371266
223327
387360
794157
906107
769783
54617
480047
848661
807712
492436
860980
832481
16255
414812
984269
18968
777345
761186
557070
499696
852799
304828
112679
960414
693771
74188
559643
118568
715250
627517
617271
741917
819795
56320
496475
331340
23139
91863
631306
537372
719756
398721
735097
282276
14240
818517
741906
78307
575849
37452
387025
309313
21852
871845
269304
417699
853260
835465
286666
94372
637833
901077
274355
253115
193871
847394
732648
736832
129675
182547
430430
614478
703513
841550
341142
439070
165607
110984
554893
62588
891934
707852
594096
347866
929615
390102
245611
820146
924722
855090
658784
299323
113648
395731
487114
143030
633610
752467
639829
759177
281
70583
473497
866045
397817
697915
327922
26136
879186
179083
715434
777977
222915
131610
642815
924005
601959
832742
238957
502180
332662
163990
545222
381369
700567
261520
397417
398847
636386
918442
845890
580701
130673
585430
259525
659483
557809
979348
492716
874430
828744
180816
401375
960013
425866
1084
904147
59795
543688
327264
381297
74694
164314
272111
472717
525296
524641
776586
819898
800121
956136
611788
514631
941756
733735
319581
3587
443734
267481
370931
739206
231010
963639
539665
869095
261052
837634
770616
945417
614956
978797
963556
322533
185117
670039
129061
713054
253874
542884
445705
821369
940213
621314
529061
576642
770461
539842
307515
557921
782762
868020
215813
832645
619046
3447
765426
737131
864084
986018
684337
105509
398273
871688
641122
211561
305479
463489
14123
386795
457257
604205
676335
702936
420256
677040
796305
783319
550108
247035
915154
351344
513377
507333
780771
800209
963590
398061
157562
677061
440457
889561
236361
646778
228372
335523
783080
348998
606619
107675
664020
499833
680581
544669
563274
690278
634772
568030
305205
479654
770383
798709
798681
293315
458267
164052