904443
563707
919655
701129
517018
723796
287657
543953
797708
998919
432843
374072
511196
85771
621911
349828
168748
26809
627510
410380
416032
467786
314287
637623
4261
345644
445411
889560
953996
217096
989055
991826
856963
67646
35354
169751
760995
98033
710909
308601
551685
53747
379296
209583
150306
509066
396835
913235
881862
475729
327925
75718
832833
927109
789485
299334
774379
777715
83522
421666
40886
724351
579983
265789
196551
159816
444701
151037
65689
850240
957356
707155
142619
301666
560814
960149
655976
880393
135983
365852
202109
298770
134881
997523
75259
106470
855830
969384
121543
722612
798778
913042
768576
925313
895352
456887
170554
133332
599873
405576
891751
648415
697066
345611
89135
335923
162688
283509
556390
897590
866631
869702
984039
676895
127917
996058
784881
556791
69187
654363
367791
407098
958711
140589
3454
838091
400007
194640
561577
476315
365243
353144
828188
546404
667712
923551
310022
320442
675601
152896
931366
787618
581292
548690
478408
575201
47105
345098
655989
182111
49172
456510
244817
884137
10976
462034
836535
649205
534755
904664
442646
643101
877640
953219
322698
698804
917492
180129
729575
991746
596917
336962
313782
800398
563157
851021
4904
790286
312352
56246
733236
134290
911648
559037
777758
253668
424775
917834
36707
911519
152368
195138
7610
410878
929178
333730
970560
247408
708724
542490
623865
785402
962458
290094
918176
217996
629775
361256
536833
182922
862004
727715
43450
442896
642833
799832
784623
466876
858973
209282
888838
450659
423446
159841
671094
573819
547485
479236
198479
9964
987653
672664
799671
967440
521344
196593
819640
986224
733807
241793
333860
107150
548311
848212
295503
694642
305179
979283
429178
722998
43145
331393
665157
477396
874680
357656
360144
811569
591919
378000
987880
235433
516898
892603
16123
40187
429294
270510
521286
465431
333293
65663
706599
802979
978009
706946
955483
259086
528191
706670
10493
916162
345555
771272
212717
769481
542344
755731
973546
835338
150525
640737
899546
467151
869083
423154
130896
538316
786686
355318
438091
994321
296621
170030
367717
591774
512420
788870
349391
56556
924843
407351
58731
384437
573095
864133
840674
384632
447160
771684
875901
975609
627332
800363
633263
645211
788779
628573
601261
714611
437467
820648
352040
321104
337444
64799
350813
55452
291121
431780
809169
969551
361479
187038
790503
362270
106519
858645
388566
562972
645699
388411
403259
573677
170959
103077
841848
764437
26285
450196
575776
147369
335507
299226
394957
650420
181444
126248
328113
779186
13157
667923
482003
694106
10613
494591
529011
117683
873925
573039
526744
89422
264446
586390
42114
83592
366234
825304
390797
634854
576467
795439
64210
801211
426913
890109
179102
916419
854655
924084
45274
974032
797236
805767
135656
586312
445030
742237
717357
684000
498787
851634
137739
53315
798108
337536
285419
293454
898145
86343
458551
968199
492026
652876
897662
670754
670808
568526
14750
332820
194772
179403
819879
966844
344470
421343
114870
759993
323509
135557
747344
617999
616734
696722
152875
570235
420759
338899
202475
280376
154841
379979
297159
640104
108753
634299
79463
533570
117490
482442
362937
692926
584349
705424
442893
948661
597139
993181
172268
105187
954518
613598
72521
889066
637702
365461
578349
602147
537201
333108
954562
722591
496098
223630
59972
822070
647279
187813
285715
820875
678604
1229
222214
698935
986675
5789
811336
609504
786246
441631
30731
693522
439014
202128
285669
354093
275939
256208
698209
925158
837693
543754
488012
795278
343656
383654
907015
114754
677612
1848
889140
405858
781072
559329
974998
27012
56829
515499
532034
735870
168858
176772
112715
353717
788145
149105
801383
68621
742703
356929
999507
317408
469129
118582
625935
227904
86508
404501
515754
979454
5694
501149
671861
197386
952529
46258
961820
988537
439458
286981
105146
88745
297989
45019
797580
314801
345217
90417
49025
872479
240439
643358
187203
171781
711672
571636
599953
168064
296970
171468
412755
566610
215117
186335
630102
391612
472817
85674
276453
966921
650497
647585
617188
356868
659903
167392
584616
734174
939249
947604
968650
188264
110615
838763
692136
425994
688555
391099
774923
264305
937397
523387
275844
287932
755426
886936
137938
627039
906467
972314
399174
1013
369874
2965
195804
155266
30063
299639
764375
991101
643065
868979
501865
168729
33997
595718
282595
342101
148199
106026
542431
785982
294438
534002
609630
37635
663076
635029
353321
949254
432210
460070
272190
557284
876745
499082
156706
851223
2291
737752
932781
570936
408665
838516
886943
395816
408160
389443
872238
106490
887385
474049
417382
432483
549048
784130
463393
362043
968324
458836
903769
136134
126021
601997
905706
917202
866875
851617
458861
866698
629909
812432
289993
901421
144854
207385
23010
86955
646502
989488
662496
340710
119674
564307
444118
672362
879228
991620
678958
431334
524745
961718
735018
354571
434405
636535
954484
743969
314170
536585
733855
650963
223310
233417
267006
959140
562994
177260
235204
348364
799090
884855
121230
436338
766828
472200
208673
116138
440480
802881
37893
689835
945999
979395
203597
948789
695837
425779
798099
288102
983540
163176
986821
617677
897504
541841
734635
886800
40178
119516
714678
406376
325843
377167
840249
475949
976521
341525
580019
864903
35114
916503
30191
6573
796402
258890
696930
789371
619274
470197
595840
592677
373277
758279
874307
622442
277882
993960
487895
53801
668865
779203
114721
764850
976073
5162
726419
366789
991242
671374
251785
488146
406983
107393
660093
958202
174846
564858
831974
897800
153314
672026
87101
732119
617234
911461
216503
83359
151839
488912
809067
813260
616368
602808
779666
90909
804087
862625
566810
140347
309921
436484
346847
394379
816136
761462
652490
191008
415654
824964
897019
141857
625355
141541
284626
407589
131337
166871
778089
849361
808803
721536
371411
30877
283806
650414
895023
855209
370657
238638
383990
911647
304324
472030
96584
975944
433907
688585
629406
115208
424778
859238
562198
639380
865869
201506
351670
681455
907887
888960
753931
741374
703497
998132
38749
471199
508639
133942
17533
26207
969591
718269
491096
32695
690862
118974
731336
882570
168817
936408
18918
689601
13945
69295
632813
791829
303932
666063
980568
522500
917023
918721
766512
290464
588473
572696
922802
872954
687448
462263
874125
196607
648983
914368
33808
624633
25200
290000
272038
496601
925907
53917
298295
903430
674712
600626
771981
270051
700233
773525
600935
687214
429049
865425
41414
672261
89818
737625
788576
41016
888541
979680
815187
568260
421718
521445
179593
179092
959511
756132
960310
967693
176505
75841
344614
176065
453723
930127
715250
216940
668103
263124
614011
246108
575188
723170
893725
146519
133705
593571
556135
789081
694843
85826
596526
147984
519904
287310
86332
375777
651819
92321
985525
75848
963489
876341
300912
170273
388585
650192
897670
950360
99936
639198
739735
867923
182984
789312
738809
917150
854144
80302
556
754500
517699
780340
793049
439427
735154
468920
238810
870808
77548
678604
800057
532813
149407
925581
183741
878932
775300
431202
777977
449164
245532
873334
129753
550205
348656
393959
744131
697421
728839
958998
289747
864006
999559
169806
946102
596046
123663
340271
221438
766944
722584
189376
878849
979311
131633
110223
110515
604368
487867
168176
11236
455600
601547
398791
315075
729654
618711
144841
207869
245839
862438
195859
215078
531586
136657
517048
633272
510608
509996
583113
113973
923522
329126
420760
346022
4171
913694
666243
195068
806086
447885
33203
43637
26956
194231
199023
850978
671297
578054
591673
924657
546142
533967
273667
809269
696496
220075
522926
328777
256878
841492
511400
896105
293579
181856
454652
45106
615083
158010
831445
871760
326055
192939
817045
542132
794359
804219
808777
593236
26030
883776
794887
871895
61078
293904
574350
842244
918324
587958
477492
855437
353475
737499
613983
858977
233562
304150
988459
360512
508203
95752
969194
180973
214990
206175
504660
816940
258039
675543
833780
395492
451105
594531
744729
977575
185833
953691
747243
916237
444896
76227
675493
997710
58669
468172
845081
610999
427223
276451
647311
843610
31012
254932
524725
391062
987207
723710
233901
141718
31531
592608
979463
83078
731232
357556
23461
341094
987069
133766
259431
229223
596234
105693
268625
948662
794444
991212
717608
898100
923439
481318
158989
671200
108462
219297
358992
362255
503097
33707
788734
831878
271535
201002
48021
217270
525805
906577
179939
190371
138618
553366
896565
678771
595241
37639
455618
983542
639209
975171
385282
998383
689554
977586
711530
821078
411489
284300
987200
87160
362424
2859
106310
556299
95080
519265
807259
605589
148390
141495
985302
59445
90282
239152
277085
865590
868864
104120
589783
20528
769289
751456
143934
25641
789918
246323
947218
79754
50487
208481
262333
798394
142675
381872
472289
716130
369313
922463
780532
348860
331210
570066
925950
328896
29427
724220
285799
103153
162196
152153
836399
512782
965551
92699
337663
763792
582050
456501
462689
162805
946423
452358
89062
893289
685621
470258
970554
857217
250364
761159
957396
582833
293863
983019
799675
570997
628546
871763
485666
472103
677374
65450
662117
43511
666089
109441
536792
97341
760231
916287
539530
972211
503793
66273
369649
282028
944337
951604
201291
559937
656418
827420
433915
464862
383289
228477
389878
151021
461444
208490
538847
296034
325577
680214
158491
133711
859572
781898
485905
263249
728176
72967
192841
664495
593182
36197
928193
586766
321079
571926
688847
988309
277273
792715
654580
381403
872137
139403
684322
397543
144654
787824
89380
850760
242313
791893
857017
36356
405087
715540
864084
542395
955649
443117
325661
623438
193767
636721
46258
845675
412863
315649
805155
714973
505170
872467
358825
869357
333535
616847
30866
359017
108818
733224
253678
475747
38684
743255
241607
18805
740294
129754
96877
840818
9141
232502
908356
851746
500736
242177
14535
818578
471266
916785
872017
752758
461883
530580
574440
309117
289315
697791
316019
761565
793032
349403
414177
510091
969915
542332
73430
220773
936174
377347
295621
348142
734137
18090
429305
399746
592977
805370
231418
205980
135568
526265
401988
121070
935939
347785
821233
915104
247995
156695
921996
572436
225517
302514
561199
978789
543935
618759
726106
440993
84742
23552
313700
189746
131918
997944
266810
487997
420584
125002
831179
21368
703644
914255
626553
454804
714382
179527
502551
472503
426777
785261
851285
401402
988439
241354
395109
419529
783480
194223
604382
709679
385199
515104
358779
4222
636843
472220
305858
233384
989659
308707
905974
994588
230595
579956
231847
447250
642231
887224
530478
962801
732501
31144
309199
502600
663448
224291
640101
690822
126122
808363
31561
238046
906283
240927
66380
544443
444036
327685
517252
272058
209552
561171
556160
980430
117210
851149
521926
965205
832387
450128
320547
651897
35444
947003
904385
642707
97408
535851
996189
196353
548639
951329
730253
574214
275947
536553
864840
842482
154664
976806
168273
403875
80084
46028
753947
658006
829697
779029
987790
492663
417167
473318
610022
734026
916654
358038
823796
561944
73739
72082
286296
432997
565983
177916
562743
993836
647905
37655
684033
727696
500328
880159
910071
675890
403251
922793
189320
801096
588192
559032
901126
200918
794113
68358
777163
408815
437417
25567
76490
500606
219692
531839
342823
624100
905658
282357
766713
241719
354618
73097
107157
659251
381449
461088
318582
3449
157170
454019
174528
815714
511991
291079
917629
730734
228534
213623
760003
576845
698492
8071
632845
246782
8251
931319
841374
396380
432589
632637
17929
896670
673394
358561
104258
892716
653142
483915
783200
38628
2533
218520
572799
688023
676150
94814
773717
377175
340449
898465
627994
949003
225325
462104
428545
919825
96468
18630
668291
168323
938780
770751
590243
74570
879218
605778
851968
634196
305927
789659
769403
270206
155637
169737
197985
884567
750652
706101
892917
163005
61476
65283
878711
546466
43232
712813
681009
251251
942556
271586
556252
687627
836767
479361
863391
911861
306797
608111
201471
668879
724782
61374
743098
383928
167927
213204
544273
818983
179820
237017
301337
130345
52544
910299
596929
944789
900799
65609
78367
7465
116034
2438
534451
699951
613872
459898
811437
967086
71471
553569
4914
347810
278402
311960
781288
414054
146717
499017
798463
193463
34189
160620
529997
747079
895515
111960
191887
446506
71691
552671
571248
959426
181634
496982
84147
260774
894853
715061
427558
791480
481546
4180
393238
32112
439455
168306
377295
967870
36287
469660
179472
25569
222697
445701
166798
448894
505817
250737
783658
537175
649110
661147
19937
509414
219170
757384
140442
305510
483996
813482
844932
718477
398347
271618
30867
362419
17157
55474
860001
421826
28022
572976
551344
590178
729044
982606
178091
956929
837708
689005
297561
798580
941636
855253
793171
64141
393938
864268
567547
429217
608226
366444
621558
520045
312918
202032
867271
793890
908237
757531
616460
537832
375219
662951
835913
70716
107547
371786
40906
904242
285149
93311
897718
907478
101782
276420
79296
654645
707986
867981
125867
949473
902656
379422
122927
970288
237734
351278
907151
609624
582922
947651
660171
858290
505331
691610
891984
732202
539056
348762
129446
648161
752232
541409
711973
361904
462517
205240
709471
514583
403349
251519
398119
530081
810046
570489
919371
610736
261192
829923
975911
648281
644467
14410
947261
701181
255665
13065
247412
464098
715125
72371
244754
673229
974221
50207
540772
180588
956625
425065
696072
978721
436800
295235
616959
241403
549793
851260
229909
813851
334868
417065
749711
82226
269163
785478
380852
722960
115679
282872
165907
393172
324322
652330
728828
911537
786259
297675
468507
355848
197083
103514
788773
344431
933331
354081
525602
394010
432741
215581
982770
729684
997839
104434
174429
310742
67604
828612
430366
141985
399789
864710
889210
661050
431162
344523
789460
766482
710276
866450
323071
451537
311309
567191
552998
511882
207052
82762
908918
66011
16525
461644
105696
565597
458411
416774
138005
284026
957451
837137
173936
668035
744817
230094
74675
530924
334655
301840
52263
362815
516571
667611
819930
492402
119184
679006
807872
752821
258029
958415
377658
286056
336768
422660
764919
343358
211938
273849
429984
119752
175464
340325
411225
243387
626687
365250
546449
739969
834475
25845
410654
209140
754865
750106
643940
75835
739676
168528
219730
178626
122594
568665
27843
226596
2307
251828
885692
218708
908791
567124
924944
411829
917049
657427
827504
485582
327213
555595
703078
359726
141819
53035
743076
166370
430230
587354
330736
460348
736557
342079
525942
505669
276681
156329
853726
565487
607619
783907
119121
809343
936038
835806
438260
393612
776132
73036
624586
136508
96683
384303
737676
964651
54089
352049
581949
445553
6
336538
200071
810067
962664
123414
432751
772437
143704
533919
88971
72080
323592
388294
508206
317451
136973
329844
144071
85811
730212
592062
60401
784378
899971
610660
110989
729736
318700
946208
661247
426870
215813
514611
84710
193792
766233
589705
832780
946367
695600
484900
813383
495366
811014
544145
357944
193577
235773
917772
897162
951565
946327
453710
961271
904367
552678
374875
993957
21412
300563
70576
349765
925067
466465
306564
728012
424560
393548
274472
144749
149808
614132
864297
23022
590368
485879
795638
957899
381877
779917
62611
625246
703300
779845
591011
332071
380192
29545
994884
326394
673826
961683
503043
918984
346268
189067
354547
814506
780438
542437
470423
848884
165825
558962
249943
346438
87118
620431
685195
207783
233015
863359
68870
467899
849650
397535
721477
295573
450800
547381
338469
655623
567216
787200
938542
263060
868833
424458
618994
246559
362618
81773
17865
320453
794822
965499
175658
778417
379516
257984
265457
484143
556210
490666
271891
746258
716298
769355
748567
32177
117728
514745
317791
190876
475260
311141
982383
88043
484938
761089
81075
383772
406047
627732
890887
335021
643304
751365
364197
655902
988284
540670
806415
719163
37241
806141
548120
543233
901474
959818
697538
456105
437356
199412
672945
911000
886278
530978
863059
444423
958388
473195
602397
362298
99318
472322
3459
215007
188487
91913
801004
724149
642560
986138
91918
26915
789715
990796
53737
497637
818780
827331
509116
481373
405986
546432
808119
312058
233576
743569
224870
337171
767824
645036
927130
951646
819699
293112
909609
21363
865667
468868
362172
285878
583180
365316
228107
114411
804377
980843
413901
345688
505035
730674
519640
108227
85950
731171
795771
765903
352954
982873
126749
364704
869756
752827
812120
465618
922189
153056
320887
73747
77195
766479
835560
819854
339936
126085
840827
820276
603120
17094
665415
475545
496895
978177
244369
319533
45729
801567
932747
785419
600725
377269
84996
923793
687534
805562
122887
167040
125551
573306
959717
341665
642859
668648
598796
945435
389683
313366
273107
212018
712707
648979
707484
363172
369616
879448
772752
750384
537748
58496
401412
793780
504865
982183
526291
324750
594709
825058
389493
675698
992794
837057
48378
603211
360446
395288
397459
661491
248312
146985
638132
266782
464054
551523
606681
194681
829188
408084
614659
835731
722893
480216
259295
350428
934565
622752
554827
192876
922564
906173
654527
353585
34477
913324
372054
865465
497314
511843
988747
835643
971264
885201
826271
406413
46045
599206
525757
436405
46046
170620
927337
216012
746695
592956
459286
265714
912554
566788
907770
335586
663283
266782
621539
871978
189738
515874
610837
673073
122466
267079
968270
98495
294991
211070
267671
435966
54950
961477
442001
792726
212784
139155
150009
562263
851925
433560
756288
290402
404780
662385
525291
915251
202223
451510
647748
620245
990260
192178
440225
239194
160890
434246
31952
930118
721808
902026
548103
152981
377494
214252
996897
950307
920635
188376
685326
237765
845472
520649
822015
532817
49905
603877
676734
389907
72437
939351
25163
569711
119483
468158
176068
567141
71851
421294
868686
616905
578038
10049
358715
109672
556638
392798
719992
195718
778985
880008
910630
909315
846760
240243
384823
818556
210221
826304
902342
429129
173421
173696
16451
666984
909253
70472
516590
582149
908202
666451
771635
254177
688848
828104
128
337095
292828
490067
869213
426651
180772
11706
674898
441387
552183
120574
573925
194433
696938
421545
695080
924143
277710
129535
167364
825675
134460
492550
114366
579282
105103
969544
537815
395139
139921
483757
23972
599794
744743
374682
372568
377348
481042
613668
123311
860814
918423
36812
797962
854913
802600
341535
933641
904644
505652
988007
985591
257948
90989
540116
13884
883732
484670
219150
206866
312912
783810
687140
117157
209131
38501
289824
148505
467839
917637
15629
938513
323739
470515
147909
849613
665034
905122
69018
747875
645918
924319
207139
471184
832082
982625
842433
913372
879441
338966
915313
413214
76330
430863
714262
395697
139361
421960
288164
744757
527389
252738
294640
234436
437014
741081
223305
57923
352918
298892
230423
14820
762910
768095
170319
228455
958393
382490
40796
955718
134776
378706
763810
54942
240957
354575
131005
369653
248693
59181
763650
351677
804688
878853
391698
175771
629154
43031
210673
93303
542612
12273
297979
858646
27328
792376
584103
111107
883808
80216
17327
323400
23173
369955
323824
779258
20555
164971
561289
300630
270691
860594
482412
611706
894443
590395
535418
191436
634771
99050
30828
716359
351085
604495
809720
556925
144509
769307
335815
270011
504000
155269
253376
227075
572101
666928
179250
730073
928662
789893
822429
1761
270196
896813
165845
843355
579483
85613
178177
127312
517768
710098
698106
147945
991660
181815
533095
52873
136280
7273
58754
315817
56229
720988
443178
468086
781457
237020
702983
716203
928530
743135
182649
744066
871507
306540
800558
246739
284622
136329
122489
692785
114945
58036
393511
153347
816497
328926
325584
178787
812518
690294
238966
847545
824317
26063
289836
801833
21246
756470
294352
534524
299384
759799
355481
936460
278070
253435
305306
971238
331904
852095
643294
721518
912768
166733
800878
254384
415348
329967
605997
669210
704185
516154
673077
832526
399797
461342
474419
174136
742888
873377
96566
728998
943214
425609
846287
5190
103935
720230
837081
961391
575190
502398
356516
882888
72170
44901
340039
139004
872223
525746
630409
233943
682792
800571
124234
812902
346447
980289
206288
533429
766450
87572
233718
75693
523269
124656
238653
175887
732838
201130
609751
354686
295804
41348
54719
651859
602739
516607
832738
379559
160992
796861
563633
608547
261093
743966
206257
575032
603446
899407
708021
719043
28823
223049
904867
756688
658232
675970
756936
966417
733624
549394
880320
147170
660532
242236
627140
695722
314096
870953
163752
869212
444195
950725
739553
549144
320950
882289
10522
185357
148221
446268
163431
500643
577816
194873
264531
760683
308386
539637
130757
363914
123249
562495
763584
92392
47573
253214
708698
376117
65688
152589
862992
840089
822773
593949
848198
736916
837600
734990
511503
979633
848226
244151
388159
68945
597868
926064
163547
399994
49165
543299
869566
527556
139518
121060
698323
397309
754397
248009
881620
259661
201750
141306
801451
350999
596658
370529
596339
5076
204793
690093
991681
68503
656582
286581
873474
906624
231065
471014
252539
166108
82997
106129
916486
51477
17723
967983
430627
425234
883694
553368
345502
202613
421134
315762
1626
283240
223196
346388
464250
593718
189271
680816
813229
907298
332282
886577
791358
99885
680984
378208
648160
72079
467869
405258
789130
891091
357935
604136
218879
993650
50668
325753
457729
774867
511052
312136
787093
804967
909318
339651
761521
479564
638120
801375
189262
584118
865242
569449
90642
975415
913634
549506
280935
885084
38135
306430
60755
665023
255547
246258
116351
552492
289629
970178
403727
385231
949757
478153
678078
559078
460741
408836
433199
928536
655427
278099
867366
401068
681266
992816
57994
194645
593081
172563
725861
776999
706012
664232
269368
507427
842332
177226
523487
924629
843925
90114
823346
149241
668234
51484
496314
551986
62742
704604
921309
331473
787208
276794
611077
908119
308017
220102
331870
980203
604116
508555
377542
955131
395723
491953
85048
805675
758325
520801
64815
73148
373692
770837
509519
986799
176221
426478
841133
121882
55391
384005
61098
770298
5339
58546
753257
954636
542992
638447
429943
22438
222376
613981
857112
190322
566378
220252
557684
660779
720670
673440
853157
605487
40771
233447
531118
153735
141061
284556
475002
109273
901367
644008
699448
589882
622623
57301
741129
764405
866716
89311
92758
348272
66192
901226
822851
97944
80082
6571
427241
454943
85260
687993
545318
581847
356666
730950
895898
428083
953210
684946
295440
302542
31731
962500
914112
12388
128252
267366
40245
621228
353414
122331
722002
937344
458146
169180
867690
384187
401157
85207
771019
55649
540812
531817
103882
469605
251328
209541
851244
223398
347235
318074
396875
190274
257868
71951
711595
826177
747396
452122
856980
914546
28123
522577
760746
753318
154815
642782
191116
40067
925977
519798
947908
766970
107709
482258
213897
896941
764305
748177
351739
322459
724292
818562
818139
427265
319069
234806
463443
340967
832565
154353
196364
666896
156795
115057
696873
860836
625656
526249
188581
817215
207646
116511
984118
410814
471589
24610
64666
121552
904332
611067
968061
344865
940969
468895
450294
676109
144235
134061
382309
60676
233690
228680
729140
67735
87835
622815
854610
811938
799303
713260
704569
716187
641256
280767
131855
719407
116829
865437
188032
715289
574431
701845
30393
620495
660966
494415
385042
287597
751172
248045
811199
985732
555414
677196
718317
16005
36761
477204
365690
370944
743746
595099
693871
102200
813131
54952
516384
713341
741361
141681
933878
177187
586110
681799
618680
408784
607980
175602
954231
371253
470654
964421
883209
435656
525978
641643
915308
226755
86341
913732
732714
35794
689698
482036
606292
577600
260453
359350
796734
718821
433044
818015
718256
847346
494328
65873
149532
755101
919025
149992
63075
159078
887282
490537
137679
624306
774240
985401
266903
706937
80798
399060
644042
479259
543752
686237
366945
683072
574476
840971
335891
177933
614279
891269
280664
616664
44856
833781
428891
970469
651391
478308
88955
778426
274440
301851
649183
713013
451515
538638
468772
697325
693233
761461
206066
159358
191090
933000
753669
340782
288665
839757
718475
218088
98516
90896
312232
384552
1347
647579
363089
660324
465334
594861
112907
520204
485301
700168
683060
72474
12902
304059
536375
666302
746337
426965
137653
186190
666934
923337
558290
636959
627257
667503
444616
910548
141996
376007
632321
460504
688200
839336
778419
630330
471335
357096
979392
997341
833760
202896
548159
947040
20401
557248
405375
448414
291846
735211
160252
556941
783312
591565
783757
479727
909700
315149
547348
793416
34766
644206
969228
693746
612464
197137
278427
593632
505236
91703
991617
465079
450841
944875
546854
940933
664885
767404
883983
260578
579980
510388
187025
897778
679306
355268
606081
919872
668347
141894
125460
227387
815918
27679
142451
937253
379708
75527
776948
287391
992221
26276
53157
694449
745796
133926
416717
156174
169525
771303
950946
470550
731845
769700
541203
761155
169608
98615
716383
52811
781744
641032
340146
474052
399347
533952
584119
563622
377658
447550
575862
500245
301345
809474
953384
303617
170135
441332
406360
351445
38796
899654
259979
776857
987694
871576
500127
26992
646576
150782
336031
779858
187683
317362
667834
511051
413430
600437
947345
611220
530685
71639
281673
448446
830623
665953
719760
535000
625439
784980
341763
544
992088
25186
148014
141758
92320
948081
800580
771900
767251
262424
335109
725341
612862
719481
312596
776727
489478
219270
123051
822379
360977
149871
687993
460069
137057
703446
947412
28347
555794
405996
366546
940242
903250
394786
186138
299637
348803
411010
508212
731108
964163
866634
589950
22814
215283
292165
158049
997671
18034
995443
71804
655885
180714
680952
365254
803259
58221
468374
417204
661265
714755
263301
839424
945879
705180
375071
132093
920156
54014
46349
936176
948657
519851
602133
16790
202891
147210
656610
507351
315306
808052
615379
818299
156914
727560
806573
410990
253
80727
656719
977687
33804
30004
904351
354840
525626
979289
896821
22622
259643
110915
830329
886352
68888
616203
835116
958040
715909
453545
307360
436561
191766
944268
178703
613026
860935
68823
345241
892841
796921
409741
502434
947000
531063
255856
862249
289264
983244
892902
637745
608502
807036
607101
454032
137519
420761
259182
174297
374863
51932
776295
751466
335114
791471
78194
98377
628213
748046
79370
793872
929086
957193
908972
27828
795351
133122
61820
332620
676360
465181
287320
732179
586348
599911
148616
111562
236719
616782
534219
573925
405009
75280
664610
407437
517624
455840
189126
777446
394497
786683
606929
153866
877611
717158
665606
253476
772614
120658
935351
806003
976281
655752
261891
708104
183250
585615
6828
347656
212546
832999
107026
313616
59119
956221
48786
688435
670198
817931
552390
118794
278753
732057
898115
243801
946888
330843
403014
429717
691007
348093
537980
483108
679863
722185
894245
113540
359057
832923
30529
571776
854545
28289
552382
232487
103665
703078
859784
677201
864091
419083
923764
215424
14661
849135
10081
484823
758290
503671
118227
478093
452711
281118
223326
714681
928679
979976
160250
674340
508236
634118
537836
211620
575279
437508
496073
451813
420642
619632
800876
888261
471636
561644
172814
270389
82501
655594
696476
395432
717735
663375
907301
658944
833487
222824
974726
322846
880210
987903
878919
964952
772130
430607
464134
672894
546133
166235
800735
464256
54069
669652
563654
392856
424266
669510
731423
945813
64523
745639
941671
12023
5316
878164
119902
281721
289830
431080
393625
543905
942804
577205
763901
452624
288469
234694
319996
242223
439597
556069
805938
583942
943532
220410
810250
403904
586704
920315
146732
442401
553874
533417
794584
172477
735133
764775
162533
271424
707252
141621
670284
636834
438368
102824
486931
714670
17139
92332
203436
252567
744557
612229
810689
409885
585635
926324
214837
378710
272632
156092
458653
669148
853139
140091
593144
628880
357978
16085
351795
69595
290521
317023
415413
138676
665018
9725
439364
90092
126827
764470
243451
318377
144200
867985
230987
470326
486856
667176
192079
269500
840291
84459
421355
211763
348901
574682
770732
515830
582159
777998
851174
438835
681156
902953
638827
566925
582806
302581
793855
849598
374049
761244
644643
299031
619888
457714
433583
498202
411771
132606
508592
200299
375029
519159
548464
234758
459518
600608
361407
180881
151799
139443
569086
920293
471791
75725
113803
942944
357833
57529
537243
358204
103465
314134
898010
241156
49108
808233
409866
348608
556058
596167
484401
307315
542171
31428
203448
948258
644586
35858
425503
292201
446085
918564
587796
762617
523425
469503
258189
334382
494102
869886
862317
873835
492461
857751
981399
162537
707021
348828
126821
297314
991308
386465
264531
411282
705124
965729
17483
153267
444647
815531
596493
585208
337990
753339
696875
83415
975390
731519
245002
811257
26148
832689
361118
928314
479765
359600
588737
670982
344773
605890
505806
902136
584660
419484
513767
274584
32998
385413
765549
435448
869850
737108
788011
972380
634177
502960
84549
891482
6218
999937
391967
80641
548568
540900
853947
474777
243831
649927
308827
313650
583801
476419
186492
978890
349421
805254
402451
331205
773433
50653
740815
466264
543256
872325
681379
878228
141460
507845
40045
679285
468469
138430
918631
745354
184561
10678
91847
271044
866525
914269
553787
687146
583893
275004
382694
80254
675925
329291
27019
329436
131900
185575
637821
75203
230135
451314
767566
576981
303701
176219
7256
404283
424013
280427
123794
680108
298957
766603
250767
456498
824114
763004
467238
583038
243489
445644
426232
794089
40793
347369
123360
804695
413926
415268
261955
90557
832348
678465
372054
118456
294408
100942
375282
518660
606611
91528
460153
208031
873763
97796
946370
610827
885579
542747
902839
395350
187532
190616
848151
559428
665862
753698
818876
900742
590100
607404
427990
381541
774400
708277
854291
291307
740787
231940
469309
398246
862774
420817
212263
494449
437534
221138
106019
905266
204463
400822
128135
627135
450946
689381
778595
96591
410153
530758
636182
609711
467299
311053
449825
203141
561633
63980
418621
201949
745523
734118
441203
61504
453552
276560
566736
191111
733319
183311
890960
530986
131241
363112
831427
835969
866059
638275
188671
434195
935655
290414
585436
226828
369518
631976
184316
335180
896522
400514
855340
104634
604680
203015
472601
940681
253592
167740
250655
961403
411175
359951
64955
524654
935929
330496
128150
213765
445515
284054
661321
726877
726840
931262
54967
833985
655622
725155
771339
182397
860881
661115
207916
167162
200826
157542
796873
42256
645683
957278
454854
8029
452283
356765
439507
437530
770447
407572
119636
534612
630428
621389
926169
696140
613689
847524
61661
238852
954889
874995
981114
368845
909935
399430
634758
699759
652813
589615
347806
152303
989186
851032
880724
732740
871791
406662
596412
791619
315317
874257
153398
742282
581903
331674
78770
840308
527533
139743
665560
108107
184363
895295
882301
893279
725637
589203
406978
766220
529026
905467
846231
280741
330064
712972
904167
468012
285550
951875
508922
755300
580900
391346
77120
620429
59362
206571
654240
599457
806803
16307
376780
487158
60815
594288
649828
471776
39392
823470
473100
493942
242220
161783
546947
499811
353553
991786
11009
556521
550901
243886
166994
599143
444444
839601
999640
257328
561825
844768
412871
577286
237929
844685
405795
630840
905549
97070
235677
163988
280501
897007
910836
40488
622877
991658
899859
898168
752467
288372
455305
673940
612916
742503
625699
589936
83858
569799
313106
511640
639733
480818
461585
185835
191796
474092
617740
340139
493445
124525
710002
635828
202097
271598
715508
499549
169537
871121
225673
54700
995398
792462
930496
520894
793750
912933
226024
915260
564528
288105
575651
149358
62600
706929
831542
814120
186488
308222
936945
221277
819709
838163
1021
148187
191565
982569
801968
191160
907342
944041
585172
189347
213337
44877
490183
497845
308926
991943
468021
660731
128343
933370
127869
609421
402193
69282
43055
403185
473649
750076
789933
403564
857336
295193
454376
523006
184618
320103
743039
878616
462100
348032
776896
61835
117853
505620
320586
867259
217005
619288
305623
70669
570295
901622
934689
21999
573452
550426
55635
661902
22046
242475
723866
38783
582217
834343
639483
470315
908714
585742
723487
158255
88863
254733
628393
866069
922828
119932
244356
598416
670429
590463
868239
136580
511190
402193
236129
721317
936988
294297
374809
822389
978446
586708
264959
216541
271210
697208
992211
909948
482497
893355
473860
389891
248609
729628
78971
294327
669582
290613
189983
521791
203705
6119
596868
505245
379740
706771
776526
140229
69314
952655
274381
494090
672323
253219
903260
302841
202622
269682
222863
149979
58525
999004
393028
163768
846085
425305
167887
102751
987428
844212
204174
265278
31484
978904
681609
700036
382097
148404
770150
421602
3056
717635
165084
492136
811788
411443
861297
821775
987234
494911
163798
100
821165
87861
865669
578773
781278
498785
184812
297985
292194
315242
154447
772693
567852
27597
879903
964943
836840
666132
206333
359632
676474
429143
839952
178533
453426
677009
694501
351605
856206
649094
412607
982471
922642
945417
720952
233958
809902
176862
452128
806583
869471
208238
623342
633542
75614
532278
397581
993032
584969
691969
226920
431041
288078
282742
415815
44882
81362
46224
156920
706242
876786
146210
72305
800545
208309
914656
23058
812924
550719
343307
188773
916980
244070
888217
733883
279036
840875
566688
372244
614856
721674
975232
95940
473399
852192
541934
79657
423364
846533
814971
442874
891473
571587
524652
132
181834
529099
950171
435793
577203
54079
970886
15616
9840
541283
68435
351037
449065
950796
468610
616456
510703
861761
458262
327132
864679
812006
490212
587814
925091
244650
328947
262332
817414
698004
190016
382252
835834
359478
767268
758740
531496
591214
730548
487242
760506
477358
781460
989708
878238
267775
179022
977169
880918
858537
962744
469568
176555
100246
777414
915881
833271
803702
347404
738780
629216
505649
33005
449774
16273
651089
638158
564211
45759
666165
355697
473973
126386
662456
624661
31032
215437
355578
200047
999867
197579
724342
295748
58556
957450
952633
23062
154556
540041
193218
440883
498147
637061
930761
99482
38037
821150
506912
46066
543779
526072
94349
609373
648145
637740
422666
639026
213663
183341
135813
187779
999500
525775
100773
588726
108552
226837
647414
400618
754372
260720
829781
179350
196842
408384
726424
281098
436529
261363
19550
233148
469277
956524
638790
821057
616991
179594
838335
253298
427457
377877
256141
957100
756775
962279
987084
124943
851114
83347
231793
612636
371114
327835
99833
986587
180095
129756
809719
338718
481393
708864
46451
647702
988458
83962
10694
323305
817096
213508
543887
83753
68817
856324
714003
756612
688048
790403
72494
431847
702060
566542
251794
849358
582683
496400
314017
250514
915916
676305
998546
416045
576850
402622
746512
325478
693335
522019
358196
708875
320268
234995
393669
695916
345368
142488
849105
476381
184489
297881
739472
863953
731772
498011
325777
981841
156121
307642
23857
739191
588968
294011
937324
909471
288489
63441
108808
248144
863863
555041
291210
715270
838671
901093
529853
677484
265454
35188
197989
199273
280112
920555
289462
218327
528529
219483
361002
689503
659819
912921
393395
383429
534595
627341
513608
591729
889283
192895
753818
973698
556964
13377
805869
346646
286619
969632
298955
91372
653622
983786
45084
747110
13464
161457
78188
91255
852016
842444
539885
526381
580976
334520
162215
442134
838738
747257
554337
854457
250596
268915
730282
975776
853661
190952
820122
931518
528496
265967
712538
803495
920263
319144
144517
118014
837435
261754
623896
94372
71534
103208
95909
468555
865313
893640
210206
855120
938921
297888
996611
600306
990492
998915
448407
311930
393119
548717
470854
29445
798205
819631
579135
981463
499180
531366
324697
359028
634348
360366
827844
777893
798857
762753
507888
128040
936767
330346
489476
270342
53688
792148
308691
696944
360555
648277
978236
374456
640614
367978
399623
935630
753807
366495
345503
278212
666225
229523
659634
849669
71238
462650
905903
422264
796331
430038
226051
32977
708218
916501
69191
676306
840609
22271
644344
33822
644918
379865
67413
39048
914513
880605
21155
880452
530325
744250
521753
252109
133214
703438
769418
96836
389305
628454
568267
194978
348883
241697
602001
573473
139269
165145
950829
945727
769613
538789
44062
576337
335413
587798
600637
416793
297638
486280
851895
863310
108567
826244
119984
62120
886305
833251
291895
702756
540945
89752
796489
823266
226198
101353
245076
496637
662230
191764
42527
707603
932361
379854
946210
247417
899008
4737
433145
591642
38677
382933
576356
945039
653524
656206
651299
389710
283470
766214
700153
979699
516284
82167
196209
581472
208896
505524
37609
992834
275558
792376
687537
413607
347910
449791
873849
956542
435258
68111
798813
243685
739071
868157
934423
164822
658176
360444
950255
920381
818375
860847
468469
803694
463642
442174
536173
462363
456328
782820
172718
371976
358344
447076
865250
491999
386737
45806
697328
182419
734112
818440
754042
83004
21631
497600
671105
828843
85128
273727
519671
90526
39951
592841
798072
269835
204071
850665
853794
690394
746190
72658
882614
257212
715335
809922
781776
728817
100715
591880
610361
109879
901588
248588
26124
911981
7936
446644
395818
395130
28329
415011
524191
80478
543517
436437
468397
905014
254732
34469
635675
115474
804736
207105
441834
698519
166883
964321
720442
388279
255071
920051
556197
600446
933498
755032
171509
373237
812625
845513
941595
121575
939942
960189
511065
696842
414337
928198
795489
743153
564267
306265
409028
175411
183501
862070
855453
9491
755941
280884
94210
996392
917735
234300
625661
960259
649837
808746
333364
56449
768042
822255
92804
395577
554018
941099
483060
421506
587065
320367
209867
383889
643400
608397
509829
40524
297418
672017
63668
121197
900689
343357
308295
877837
756817
156926
463368
539010
759249
257006
694106
319426
522258
809294
312541
217129
937585
586858
893371
93344
213836
285335
341004
698346
708726
834044
471992
912976
983503
733310
137430
506424
898819
892928
377786
345249
943783
2310
79016
437938
775491
161751
21877
560311
162472
280902
581198
454204
504904
386841
689469
938296
135055
472231
509159
29855
547037
358179
932898
466635
147272
264676
973798
968231
878297
573136
269724
294595
312362
643900
354789
675414
327435
904391
634673
327442
759407
804060
930012
273514
423178
714634
358391
210455
975921
721793
107993
216747
881226
63201
123026
701409
391560
650473
81242
434332
860221
918225
146931
848833
381646
343097
425487
991194
99694
822020
907164
786324
471750
597870
738862
216052
760807
933862
607341
461325
349293
374651
740747
63361
224143
319742
956058
398610
724552
370536
832117
668785
826905
566335
797048
964792
571352
621607
171754
903440
929490
489295
108429
905791
766266
156039
328957
246281
76001
91986
609738
758826
80198
989177
632972
133200
768731
872897
583756
333735
53653
908838
620837
898599
526365
258722
320306
679474
598026
114438
270928
884469
266797
468622
484013
22050
681530
371695
916310
736953
153295
315468
602079
148159
60802
767042
77701
504751
380528
147133
797081
133522
985465
164495
539144
849313
161159
893992
745437
145485
595010
315657
748461
603244
544556
605359
914534
924568
553485
235247
143543
365469
179169
328099
527747
810875
793008
483063
270971
671545
750379
45677
873308
570328
108638
132033
263347
816197
187652
150800
415146
833640
782494
256636
700277
65012
444539
298257
920364
341180
66472
301300
663775
771510
574994
569285
761955
446620
210101
768017
533056
17763
707444
20991
81517
84249
638697
690249
545611
582677
233649
748497
562983
362071
436494
25118
547178
217947
401184
817218
351982
576028
502494
39927
778892
304106
177721
365660
98113
821639
878318
774647
948428
313344
811004
985797
397210
111674
89749
50746
388065
928897
696547
774455
16693
90180
775334
428083
306681
721588
192670
72170
383582
346458
663197
784733
627145
209344
245194
945109
468184
374636
786766
559699
342542
162286
458238
331865
863763
206894
965269
895243
178716
592011
904592
258434
673885
941141
249346
628627
869576
790962
112194
639996
917474
731474
194833
409700
879146
682824
131762
32956
324350
834785
80604
541944
303722
925553
224976
686672
485672
801459
99478
53691
151800
712269
536750
521490
539754
170723
227903
657733
156036
893203
997770
882409
991624
169381
928964
635327
147661
3429
172207
369780
21114
273196
802580
453338
522427
981473
964001
226730
834508
423564
881953
254707
451092
175111
991759
84117
779178
241325
791636
326652
763697
801197
29097
693363
350986
540003
125333
404089
223565
267688
862863
216660
313222
583698
206403
382165
280313
857784
709266
626425
741951
437842
544967
291078
64264
122828
762051
312842
193139
749966
749747
402803
257926
730574
340201
942439
68766
597385
477004
865900
112275
985039
211964
315463
726553
64178
422498
59849
656454
732062
214521
853731
738766
491790
601410
245806
61427
269306
316005
824904
608256
259866
796019
411649
646460
815304
288396
711664
931204
634456
748896
350887
47459
215815
267456
62573
565730
83203
650909
524548
780069
982154
553767
412003
208421
814599
436442
526710
181955
634288
208197
779621
390230
212258
521554
973279
77073
834861
585632
443243
933018
646385
128406
628827
979930
717146
772627
841629
650380
802965
614629
205059
144881
7929
974056
382217
334474
623499
482403
113004
802813
656067
514098
464670
824010
112947
644076
825302
931222
607286
746692
145827
432880
755400
499201
738846
502577
679230
888380
836384
586415
616354
792542
943931
885316
790837
506441
849190
30209
582857
91641
103175
10655
506681
219841
852028
867475
642948
80112
334953
377743
814280
560776
857235
721652
489527
8303
184749
516721
143135
732238
907337
179388
131904
913934
509941
404399
638950
249320
242612
797585
394619
631129
979466
590668
853013
787062
561641
655133
906734
368643
318096
661505
235848
414337
346911
706663
363403
892840
442258
245948
719350
87487
166061
641940
839438
853474
507258
785464
934863
955823
160333
899539
459830
405224
979625
5278
190991
428054
700472
174976
428112
600381
276447
600545
79594
518470
295655
490198
579826
970893
15502
225680
272786
331598
659602
591411
72799
175381
750951
816485
865297
904419
668152
750183
959923
964212
16013
768846
498146
256949
96082
669133
499811
982335
684297
967176
549015
944595
620908
339520
104427
69489
49556
649067
391663
329568
451143
731087
372824
762562
215258
588335
809446
546137
975382
487031
496474
782309
60321
727821
456508
144229
78308
647234
427580
835671
734663
768852
235904
219065
551430
211710
2392
339169
628624
121018
523625
316427
904822
611763
353883
374601
962037
434415
706541
653203
307734
985121
819692
70427
654322
894400
680354
722084
392980
998248
296550
275684
16035
671454
768431
6774
317462
910893
144625
550076
716519
220836
231023
343601
106160
562806
597060
535187
945936
844070
346068
827204
655242
360093
176423
942835
816323
991721
390873
813508
572568
615906
682264
13176
127717
820187
33063
684680
450692
122814
354858
684138
952996
42106
90629
467466
951907
995520
385834
971237
659515
478125
764414
890167
782241
788291
309003
721814
68822
335748
114315
500732
763080
512324
332561
378163
276895
357642
286686
878984
518886
610722
704643
598756
550719
773322
569134
841010
791673
552190
430783
859530
174259
352797
228360
591026
295693
772859
778641
27707
988167
114100
648658
945108
805282
396245
188899
982911
36363
976031
375529
507771
20269
795749
781054
460168
121106
698138
280513
15715
12580
432955
91754
532141
463106
824088
816723
670457
634406
288208
410159
637959
230192
13573
341832
560656
661507
958616
621460
355804
285141
350662
936944
357867
970835
792045
182353
266537
704388
425048
34528
683513
484647
82256
872970
873579
446398
91189
538470
167665
986495
832374
729855
818401
726165
53140
283970
340204
718371
28403
746046
643814
96274
498377
722274
549552
958403
188347
727392
751640
968603
476156
27624
446627
894209
968815
791877
6851
823601
600784
812949
794982
429056
947999
40636
921774
995100
998793
584431
6544
907356
403843
857512
727660
724142
666179
85008
22578
232289
922513
344544
413863
807098
413061
526051
111996
550606
356855
980357
311926
227360
514111
166405
205853
451314
544838
29698
533998
844492
66209
355252
213591
986532
743234
551004
701608
490113
996603
776150
447877
225311
377413
282843
303017
353534
840719
100567
722059
659612
413030
711959
187155
391945
826035
703707
361229
420667
615740
639552
982901
746107
163520
142653
659849
163532
39388
906113
258729
994385
659174
328705
709322
511182
864529
62237
392603
415143
589666
79850
496247
406570
614275
555540
475539
831547
888149
672548
197515
192870
140446
514118
948633
938032
897107
286575
289472
939174
662157
826935
871228
870248
393210
987668
819897
403754
687171
364875
433898
423835
230330
378678
394538
195817
706926
767478
171048
782424
423338
843535
207591
304620
153800
256191
326586
143932
506404
506411
339585
277185
554777
308629
559341
638112
492074
306965
206421
664638
602545
936314
488111
151191
396750
598798
116668
70658
581428
897564
917545
146224
805781
260041
240013
302427
57916
921081
835557
272121
736541
422418
922959
129326
232585
879908
307981
758344
669482
96924
441781
586383
556411
596655
939587
491555
921356
60437
920904
223168
37061
418778
692725
26775
275686
534854
977317
255101
514424
76404
643716
167982
221893
913791
401741
945144
857514
985601
230212
286904
938898
91409
683128
250756
971388
184262
207522
803293
679286
119781
816114
332271
532207
185123
873888
68343
531535
420158
731555
102851
990721
679570
639569
984333
705399
580557
362765
322605
550093
958424
74880
312094
786260
230540
363831
451701
259190
391707
797075
197702
938905
634618
513436
797291
305433
15068
80571
13533
374091
863899
123217
845756
581387
599154
711466
232669
591597
242688
624264
676978
934463
931399
206708
953484
358475
494839
311760
447752
892371
254038
665262
205409
852529
870578
54845
180572
234203
782270
404658
761372
968548
140933
483996
805599
73486
961770
210788
479936
496642
629369
669149
610099
315475
904896
6530
490157
580651
679445
438314
693408
177380
147476
878901
280614
896293
517182
984406
123634
55226
237332
929039
850443
205008
696325
741406
372419
526443
404558
482333
858889
272740
665771
370565
999114
277212
987322
32729
4019
52361
472490
561917
107857
589536
976712
738762
585736
182253
251814
208322
71744
989551
569671
301362
830341
937938
417454
55601
292406
11527
234310
349957
653480
181609
818708
90088
281654
886197
580853
582430
81623
912457
769615
709670
541145
571793
494548
564795
609883
305947
934936
217806
574821
476410
387928
372720
99176
893557
409593
603746
818552
160382
891233
808389
841051
858912
478969
824689
158306
659389
10659
158335
557974
106685
138375
554459
666085
911863
839757
305156
80219
237007
910227
926214
428380
340664
827750
353220
10224
424224
708721
926757
437590
97394
547851
574830
704879
412249
265779
712572
641157
228266
192577
389657
830279
799609
456936
376161
275448
926931
78005
886053
425903
943870
649889
12752
88906
228636
899516
653528
576888
791145
247188
194193
523473
212710
56906
365489
590211
981545
152437
111763
80846
244445
629289
415910
480779
495632
813997
353098
294982
901542
915969
491322
670572
463489
684337
309682
927293
373349
721582
420776
588126
283265
892951
698628
185184
244456
305499
653768
710557
928212
569272
577789
667071
952785
424689
277068
349403
871069
949553
455178
461693
580351
305942
623326
191558
793315
241907
297220
22396
672091
256331
209851
397987
416293
652107
857597
420727
747773
478896
6039
245032
357912
834739
571027
227179
55456
36756
865698
836482
475410
146805
125811
944897
112039
92303
10005
177288
87280
399464
23308
280415
124507
698909
91010
159046
60640
906843
28541
332400
508149
467111
87245
972359
880516
108023
48747
76750
57968
390046
25033
277425
366723
648036
516258
693873
329851
149789
20298
82826
291731
823253
138457
388427
594649
449343
983520
834293
967745
536043
488708
326150
721203
653132
636513
921721
792071
981994
972556
222831
643026
374639
371434
875141
929178
978273
368995
600212
16018
235402
990984
360703
504586
714388
808318
400911
369093
64216
536092
941940
851376
201972
41033
295038
705134
583416
429020
776840
541342
593325
484250
60446
755476
252637
449623
427383
20130
462390
172141
736246
304304
776277
88828
897240
600030
371113
633829
263508
556115
784440
753493
920140
332699
425442
376398
368349
319712
541382
710086
771503
310957
315081
841893
413917
626540
319206
328250
155909
799840
555648
380979
167980
744740
426655
728478
202460
118240
415995
123856
703008
872759
389607
731610
828206
256995
810047
549733
453163
5807
990986
453549
488293
125142
228000
874910
923089
522328
523096
948607
515335
970007
31511
984026
811047
92004
594960
429559
303105
188248
948072
992990
806298
249613
711994
832877
912560
13999
486777
980162
758071
500903
935138
415080
389522
725210
329948
244399
676369
479482
191515
992149
376852
277340
829985
883545
251260
782544
650064
789768
454644
428155
259206
780151
710904
277345
977647
778246
744866
914562
247755
905970
120787
928311
468581
205669
7823
114165
652490
267619
921220
852551
183032
69584
191305
24166
749043
283303
309023
383807
249716
190371
455809
717472
48819
86086
453220
960
481167
866901
764051
471062
518323
418617
631762
395802
374241
304022
293223
289927
573416
925682
946676
711886
124813
819372
34967
831938
30062
508836
79592
186179
620918
912298
349624
572906
764169
509245
389101
204050
210038
444357
49337
117866
329503
457761
493050
700484
307788
713526
746644
726413
182833
748451
263291
59982
693992
835922
621951
393587
621249
258710
979267
381702
445242
600575
554989
998009
305062
608475
676281
501155
745739
388660
456541
206250
183709
287894
882514
384379
819200
94006
529530
249217
378835
312071
797162
522262
493160
310602
978756
329806
922281
372733
235130
263673
214721
23031
244641
20893
47270
53405
716128
636187
73239
700732
879115
170200
933165
574837
582763
213268
547301
793830
136992
933050
426906
517810
776075
671723
802333
648006
293610
253579
280449
515769
522760
797261
421086
394699
663771
33386
783192
65277
399517
597645
339137
686168
145332
16177
562789
75345
133644
609941
699963
501425
398972
706625
183341
962225
966575
214989
639399
835793
670105
942078
438679
747182
803673
206526
472972
705076
504518
369611
178097
249238
812204
655858
843061
617925
938526
625453
866922
11334
117963
985527
817397
1748
382156
971603
393930
297355
855159
131529
479147
638181
367005
17786
878177
119914
723521
665954
796334
236410
460501
453962
881814
225221
847003
635343
382817
128540
480406
446666
312049
280903
357731
520515
10251
932273
482919
887249
177773
599568
146669
633033
326134
354255
648985
147597
378360
26559
781803
596616
855478
595547
170405
650719
74713
463104
364403
192543
949474
650149
789709
152819
771414
897708
550440
723486
901444
87784
895083
218092
751985
213769
858060
842089
7365
115843
17231
629011
893128
360924
621844
966638
742151
41037
604514
88318
949706
11317
588533
619747
496281
48232
161703
443215
386172
218262
795932
711312
5220
361418
896860
900366
220517
588318
878404
956398
63595
939512
33678
761269
677001
779109
305223
752649
558877
260952
423103
992003
309518
766470
53681
951725
493817
223218
541407
103298
169358
234767
541095
44322
381689
601980
882229
335222
298089
683849
676339
438992
478517
281122
943910
357543
776542
153305
226054
859553
528688
625691
658056
751269
65270
293820
571865
721672
200475
116734
817581
112697
997992
142090
207832
532843
146701
484686
907413
249637
152431
385951
939027
123609
989977
772039
528057
352344
371751
613571
282693
867890
765686
480117
255834
199376
900934
452320
557827
916861
438938
247768
631270
213789
111223
228841
70660
846851
416315
665846
711424
968252
253824
977947
594230
483471
634228
601049
244404
492750
55424
445908
318335
515754
941823
157688
15355
159030
213556
424255
369165
316162
713570
77203
199566
732791
65957
672562
183882
238431
261036
228710
956108
557701
327112
53049
25618
165586
994188
98349
269262
897174
923747
13121
255471
961113
155453
395951
635680
230925
708972
522085
717545
761893
114622
377938
1705
235402
642582
53673
994997
312656
648766
890568
581758
752482
633781
49925
887731
817311
567670
3924
172481
229471
177984
881409
850394
237400
621962
875556
227556
616340
276614
171271
315066
307875
100930
99226
714442
823644
242698
104356
602297
679383
871284
828225
824634
561478
814597
693001
889999
933656
832665
475570
34904
200122
102224
268351
310040
12430
751440
404479
34620
335914
600699
418789
41863
657483
47950
401428
816578
729278
885727
819527
788121
744266
583047
266762
924411
294936
422127
928782
737149
290442
679804
111970
186088
84888
219360
123217
284598
763986
4709
158584
549376
43558
257948
599611
118377
62950
910853
947633
716029
484143
909929
223362
635202
698420
883982
700716
506898
705286
667246
868259
260603
405711
88401
377409
367735
528217
341908
786225
452361
327383
28023
573783
475089
684586
31053
941732
250645
473453
195304
126149
562025
805478
713907
941976
975402
900474
43144
834427
401616
862590
355277
248653
185344
429243
261879
214625
846809
592010
397593
61191
613436
124750
371904
878771
968370
646701
481595
810135
278121
412390
563937
34707
115594
725665
872064
414461
651915
758440
444382
984037
476621
827366
308398
886446
853515
600475
538822
913027
450001
162889
914956
984238
678250
304102
813807
898741
846601
42205
430104
452352
940758
561519
202924
668373
436490
249907
706298
395165
918963
811460
782340
750528
877680
198649
329122
685343
336251
330156
829584
41365
875265
693333
255922
548817
842409
698498
204063
676583
500208
109902
510464
626038
145550
590806
789279
566384
666808
527648
486031
851362
295197
719642
53748
961904
935386
282176
333155
208815
728579
535980
677326
47035
706922
997537
735548
710135
997258
281620
722273
257544
870633
394840
507772
818992
129710
923117
110773
949654
885310
912924
832066
122997
298797
603650
811073
919948
231086
897026
888756
444327
600821
10431
939313
366499
652657
269672
592494
940385
205645
846944
297606
765911
289724
536946
302276
457329
979571
258168
897722
831345
283306
493748
783539
260850
432009
110326
175948
711299
251816
430142
216263
570423
693726
56705
152400
283100
665629
13517
619729
562771
401192
533399
795566
3493
11768
114630
542190
938289
192342
971339
348475
62957
83994
579823
206433
103381
671765
248601
831785
654846
666516
39048
53918
291966
483185
740987
582616
575429
259214
104017
907545
778252
336965
703745
694502
372695
104981
502004
532207
909991
482586
690884
696349
944192
220970
795904
585626
373236
450646
417616
18118
206949
50994
853833
836974
453159
404633
590733
183138
566899
931345
682240
758027
673104
582480
68958
812039
640361
414127
759053
22866
268503