897163
330155
761346
149477
250678
292136
102676
603610
91097
329447
48707
507112
748887
950807
351273
394652
614260
40949
550773
584875
496372
820257
622884
58952
713590
713052
715349
932950
443352
78847
582354
52201
182875
552611
477740
296981
769887
420873
929421
87976
21044
760577
412358
583548
697980
653208
795864
364668
241384
9450
426289
742640
992729
641654
893160
270876
869311
474283
189451
469256
935583
295449
132532
226125
480417
396998
902331
425891
488711
629846
653259
649626
488110
857033
106358
326040
126262
617385
855370
336941
238611
350700
692752
188948
687244
77282
261719
821587
380169
432480
307150
302343
917148
14670
173176
656107
634316
222494
544533
537326
946677
94410
185366
888548
977821
903687
52197
869739
600234
995293
189822
707215
102969
294037
487549
389470
139024
74342
33848
862456
291747
825471
249757
840717
736981
425115
669928
4960
246653
866399
168261
854358
368333
998643
370649
354706
548301
520663
3070
374262
796827
694241
593854
775845
810321
962633
605697
969119
743118
820487
225348
939796
632846
919755
489865
962682
977349
222141
111538
42381
795661
248803
76462
781486
253752
595585
982803
390604
991147
196428
199416
787358
135059
418040
805855
465394
826652
234234
359428
122016
724598
813070
140370
641979
55348
255382
236734
626913
993703
97648
331521
929264
788612
911817
638778
477164
766770
513456
677761
781358
478720
493033
1207
942113
697421
188238
152428
685948
543181
48190
230115
745472
464631
794114
737192
889696
656953
932059
816142
960319
964996
984671
278161
236764
327046
708381
235516
97085
459810
125348
194334
320538
962076
225136
955564
392174
235785
948457
434538
991929
121356
686402
564131
826491
131053
219529
626676
454592
959927
215838
308747
665325
570180
658065
596106
364508
861130
680669
554823
845919
350711
238889
389545
168850
579428
733809
191321
74855
643373
819479
79096
74732
469130
48306
848648
108903
717459
601745
176065
454469
392244
399412
194373
965813
659303
458360
990661
773022
178741
820642
232015
558280
208839
474400
509269
350211
119751
400731
378248
660201
105847
882998
165859
861994
144908
973344
835180
624397
373679
624788
198714
362959
561600
844751
49636
727258
180947
342564
285692
436343
882441
672628
958834
342313
476504
450509
847698
592179
514418
965197
805964
624223
563704
83759
311283
163054
120458
697937
206502
96691
208112
730948
282858
998976
294103
599024
608937
70774
94080
910830
362717
581994
365892
660753
259234
985678
489961
176142
456406
675517
17186
725771
796303
426242
22768
292899
227861
977524
365594
885590
815087
185322
871095
738267
719900
698658
130365
180755
533286
395545
239726
510801
800985
829959
430840
465772
65936
540649
867802
235445
672575
797366
454295
140489
918577
986433
294061
202954
568337
221471
191416
815285
999975
188519
390790
692618
91244
910272
488642
444630
300805
323165
620981
440581
222457
305332
594875
716341
967868
594666
473005
223776
993258
779942
793823
838819
715439
382902
539995
284111
114681
229136
807224
488472
122330
881727
812316
141619
748497
311468
992583
130413
975237
167669
492544
342401
72051
752010
635342
445860
161078
741745
371366
97811
2951
962373
96297
838034
53568
984189
459121
422702
582897
614056
788720
171354
74306
233351
343060
931065
436587
728409
895815
627181
664864
476301
502395
831323
357632
304367
38358
790317
975356
245458
598474
705821
494668
143576
49612
941783
420793
309063
31139
726179
780685
521366
27708
114567
467516
698181
534849
147758
386741
334461
603680
785545
251788
248985
229800
335947
881895
56970
314703
177307
868232
704755
990403
684283
372292
88737
608225
789100
327490
635840
564420
843203
530453
924080
586494
941514
400730
138832
297675
365043
883530
915603
119028
635163
388965
40754
178836
844944
798687
675217
484451
557442
741421
162119
743285
192423
189429
446192
344134
465117
744488
28002
565756
383722
327019
718144
769493
56316
556224
163260
758909
310991
844474
348380
991404
475772
181108
400197
667475
240625
216500
379804
108815
522911
357386
104340
891774
580239
46831
189781
667465
854692
316989
856898
864670
38378
967560
463459
783815
291051
616389
864795
342781
958572
885338
56625
407639
755524
953043
108307
523118
416606
694546
871284
228919
650145
469317
573757
140113
350364
911987
196295
798201
99472
510950
520201
412609
166632
751046
100509
85944
612144
286996
515593
366036
628613
51890
676717
328458
161424
488024
639573
701061
88609
633743
441428
64628
767806
794837
235267
422286
922891
148388
793512
857931
121404
975446
670227
841567
341081
849042
980747
156370
86135
426619
5015
719761
433031
967499
871643
855342
151696
489374
586359
924601
259105
992871
615525
876923
829541
157442
872319
701470
522601
293717
724699
552066
119703
422295
228197
807809
244636
915280
849705
147235
627328
797993
53791
866760
850386
48991
354955
722101
349266
540785
642314
53507
177792
950451
151774
78631
467573
192110
871874
451752
398187
63112
612935
261133
753020
50540
280359
308063
392800
969611
317164
312389
943062
534855
112709
145346
295560
366358
44076
986949
601561
391238
205517
826936
963952
34129
842149
319335
974708
984322
20685
988214
136269
561341
4287
131834
332109
554647
559843
27184
737625
198163
623355
795388
358132
574162
596969
719771
334682
257470
991451
44631
634076
526460
512991
689510
908740
298630
610214
536265
223288
551499
791889
465381
451062
801673
907871
606616
133712
524859
411219
920789
69818
741358
598988
130953
255684
127288
740704
762335
296487
134847
170712
781584
689869
244748
25114
684934
311855
937201
285386
17426
824643
225794
946934
921300
901712
725412
337509
711358
661445
777912
2351
212872
431452
711011
555205
794271
404978
650323
649234
212478
308303
812281
207426
691357
853928
734078
432585
46568
660175
553488
428599
267531
667652
158440
137514
915636
552434
737053
258521
15464
104334
279298
315268
26289
685788
797480
198554
526414
351116
213940
773881
667353
465059
407213
121466
453821
301782
269124
767417
478900
131466
235328
82532
711697
339638
230690
668788
105083
153295
489021
263815
470693
954417
197302
680189
853599
747910
262029
585527
660889
982001
867542
78041
269369
626390
2823
751562
489495
721212
697779
339801
954361
250796
476748
459714
263502
816940
371718
727153
466233
600948
705231
81166
243140
768498
117492
501968
455640
500990
737505
36772
332542
749785
825596
993529
99233
945782
562212
110919
275655
244346
487356
383017
499813
174306
348867
683345
253306
709666
633316
512977
78014
788716
160658
975047
371629
506399
176456
308829
216144
250806
801824
692709
363425
480111
754083
471339
907364
455549
789123
488306
221399
777089
102260
389195
581862
255348
847910
75793
429044
254444
255485
856674
213782
952641
601046
512326
301521
801372
541375
533020
607892
943812
379946
793008
436057
858412
102636
599158
16640
825967
760688
865721
232749
334765
584631
506613
461394
358717
224463
177000
817745
966763
917400
970945
31799
231848
528010
570493