1207
2351
2823
2951
3070
4287
4960
5015
9450
14670
15464
16640
17186
17426
20685
21044
22768
25114
26289
27184
27708
28002
31139
31799
33848
34129
36772
38358
38378
40754
40949
42381
44076
44631
46568
46831
48190
48306
48707
48991
49612
49636
50540
51890
52197
52201
53507
53568
53791
55348
56316
56625
56970
58952
63112
64628
65936
69818
70774
72051
74306
74342
74732
74855
75793
76462
77282
78014
78041
78631
78847
79096
81166
82532
83759
85944
86135
87976
88609
88737
91097
91244
94080
94410
96297
96691
97085
97648
97811
99233
99472
100509
102260
102636
102676
102969
104334
104340
105083
105847
106358
108307
108815
108903
110919
111538
112709
114567
114681
117492
119028
119703
119751
120458
121356
121404
121466
122016
122330
125348
126262
127288
130365
130413
130953
131053
131466
131834
132532
133712
134847
135059
136269
137514
138832
139024
140113
140370
140489
141619
143576
144908
145346
147235
147758
148388
149477
151696
151774
152428
153295
156370
157442
158440
160658
161078
161424
162119
163054
163260
165859
166632
167669
168261
168850
170712
171354
173176
174306
176065
176142
176456
177000
177307
177792
178741
178836
180755
180947
181108
182875
185322
185366
188238
188519
188948
189429
189451
189781
189822
191321
191416
192110
192423
194334
194373
196295
196428
197302
198163
198554
198714
199416
202954
205517
206502
207426
208112
208839
212478
212872
213782
213940
215838
216144
216500
219529
221399
221471
222141
222457
222494
223288
223776
224463
225136
225348
225794
226125
227861
228197
228919
229136
229800
230115
230690
231848
232015
232749
233351
234234
235267
235328
235445
235516
235785
236734
236764
238611
238889
239726
240625
241384
243140
244346
244636
244748
245458
246653
248803
248985
249757
250678
250796
250806
251788
253306
253752
254444
255348
255382
255485
255684
257470
258521
259105
259234
261133
261719
262029
263502
263815
267531
269124
269369
270876
275655
278161
279298
280359
282858
284111
285386
285692
286996
291051
291747
292136
292899
293717
294037
294061
294103
295449
295560
296487
296981
297675
298630
300805
301521
301782
302343
304367
305332
307150
308063
308303
308747
308829
309063
310991
311283
311468
311855
312389
314703
315268
316989
317164
319335
320538
323165
326040
327019
327046
327490
328458
329447
330155
331521
332109
332542
334461
334682
334765
335947
336941
337509
339638
339801
341081
342313
342401
342564
342781
343060
344134
348380
348867
349266
350211
350364
350700
350711
351116
351273
354706
354955
357386
357632
358132
358717
359428
362717
362959
363425
364508
364668
365043
365594
365892
366036
366358
368333
370649
371366
371629
371718
372292
373679
374262
378248
379804
379946
380169
382902
383017
383722
386741
388965
389195
389470
389545
390604
390790
391238
392174
392244
392800
394652
395545
396998
398187
399412
400197
400730
400731
404978
407213
407639
411219
412358
412609
416606
418040
420793
420873
422286
422295
422702
425115
425891
426242
426289
426619
428599
429044
430840
431452
432480
432585
433031
434538
436057
436343
436587
440581
441428
443352
444630
445860
446192
450509
451062
451752
453821
454295
454469
454592
455549
455640
456406
458360
459121
459714
459810
461394
463459
464631
465059
465117
465381
465394
465772
466233
467516
467573
469130
469256
469317
470693
471339
473005
474283
474400
475772
476301
476504
476748
477164
477740
478720
478900
480111
480417
484451
487356
487549
488024
488110
488306
488472
488642
488711
489021
489374
489495
489865
489961
492544
493033
494668
496372
499813
500990
501968
502395
506399
506613
507112
509269
510801
510950
512326
512977
512991
513456
514418
515593
520201
520663
521366
522601
522911
523118
524859
526414
526460
528010
530453
533020
533286
534849
534855
536265
537326
539995
540649
540785
541375
543181
544533
548301
550773
551499
552066
552434
552611
553488
554647
554823
555205
556224
557442
558280
559843
561341
561600
562212
563704
564131
564420
565756
568337
570180
570493
573757
574162
579428
580239
581862
581994
582354
582897
583548
584631
584875
585527
586359
586494
592179
593854
594666
594875
595585
596106
596969
598474
598988
599024
599158
600234
600948
601046
601561
601745
603610
603680
605697
606616
607892
608225
608937
610214
612144
612935
614056
614260
615525
616389
617385
620981
622884
623355
624223
624397
624788
626390
626676
626913
627181
627328
628613
629846
632846
633316
633743
634076
634316
635163
635342
635840
638778
639573
641654
641979
642314
643373
649234
649626
650145
650323
653208
653259
656107
656953
658065
659303
660175
660201
660753
660889
661445
664864
665325
667353
667465
667475
667652
668788
669928
670227
672575
672628
675217
675517
676717
677761
680189
680669
683345
684283
684934
685788
685948
686402
687244
689510
689869
691357
692618
692709
692752
694241
694546
697421
697779
697937
697980
698181
698658
701061
701470
704755
705231
705821
707215
708381
709666
711011
711358
711697
713052
713590
715349
715439
716341
717459
718144
719761
719771
719900
721212
722101
724598
724699
725412
725771
726179
727153
727258
728409
730948
733809
734078
736981
737053
737192
737505
737625
738267
740704
741358
741421
741745
742640
743118
743285
744488
745472
747910
748497
748887
749785
751046
751562
752010
753020
754083
755524
758909
760577
760688
761346
762335
766770
767417
767806
768498
769493
769887
773022
773881
775845
777089
777912
779942
780685
781358
781486
781584
783815
785545
787358
788612
788716
788720
789100
789123
790317
791889
793008
793512
793823
794114
794271
794837
795388
795661
795864
796303
796827
797366
797480
797993
798201
798687
800985
801372
801673
801824
805855
805964
807224
807809
810321
812281
812316
813070
815087
815285
816142
816940
817745
819479
820257
820487
820642
821587
824643
825471
825596
825967
826491
826652
826936
829541
829959
831323
835180
838034
838819
840717
841567
842149
843203
844474
844751
844944
845919
847698
847910
848648
849042
849705
850386
853599
853928
854358
854692
855342
855370
856674
856898
857033
857931
858412
861130
861994
862456
864670
864795
865721
866399
866760
867542
867802
868232
869311
869739
871095
871284
871643
871874
872319
876923
881727
881895
882441
882998
883530
885338
885590
888548
889696
891774
893160
895815
897163
901712
902331
903687
907364
907871
908740
910272
910830
911817
911987
915280
915603
915636
917148
917400
918577
919755
920789
921300
922891
924080
924601
929264
929421
931065
932059
932950
935583
937201
939796
941514
941783
942113
943062
943812
945782
946677
946934
948457
950451
950807
952641
953043
954361
954417
955564
958572
958834
959927
960319
962076
962373
962633
962682
963952
964996
965197
965813
966763
967499
967560
967868
969119
969611
970945
973344
974708
975047
975237
975356
975446
977349
977524
977821
980747
982001
982803
984189
984322
984671
985678
986433
986949
988214
990403
990661
991147
991404
991451
991929
992583
992729
992871
993258
993529
993703
995293
998643
998976
999975