6
100
128
132
253
544
556
960
1013
1021
1229
1347
1626
1705
1748
1761
1848
2291
2307
2310
2392
2438
2533
2859
2965
3056
3429
3449
3454
3459
3493
3924
4019
4171
4180
4222
4261
4709
4737
4904
4914
5076
5162
5190
5220
5278
5316
5339
5694
5789
5807
6039
6119
6218
6530
6544
6571
6573
6774
6828
6851
7256
7273
7365
7465
7610
7823
7929
7936
8029
8071
8251
8303
9141
9491
9725
9840
9964
10005
10049
10081
10224
10251
10431
10493
10522
10613
10655
10659
10678
10694
10976
11009
11236
11317
11334
11527
11706
11768
12023
12273
12388
12430
12580
12752
12902
13065
13121
13157
13176
13377
13464
13517
13533
13573
13884
13945
13999
14410
14535
14661
14750
14820
15068
15355
15502
15616
15629
15715
16005
16013
16018
16035
16085
16123
16177
16273
16307
16451
16525
16693
16790
17094
17139
17157
17231
17327
17483
17533
17723
17763
17786
17865
17929
18034
18090
18118
18630
18805
18918
19550
19937
20130
20269
20298
20401
20528
20555
20893
20991
21114
21155
21246
21363
21368
21412
21631
21877
21999
22046
22050
22271
22396
22438
22578
22622
22814
22866
23010
23022
23031
23058
23062
23173
23308
23461
23552
23857
23972
24166
24610
25033
25118
25163
25186
25200
25567
25569
25618
25641
25845
26030
26063
26124
26148
26207
26276
26285
26559
26775
26809
26915
26956
26992
27012
27019
27328
27597
27624
27679
27707
27828
27843
28022
28023
28123
28289
28329
28347
28403
28541
28823
29097
29427
29445
29545
29698
29855
30004
30062
30063
30191
30209
30393
30529
30731
30828
30866
30867
30877
31012
31032
31053
31144
31428
31484
31511
31531
31561
31731
31952
32112
32177
32695
32729
32956
32977
32998
33005
33063
33203
33386
33678
33707
33804
33808
33822
33997
34189
34469
34477
34528
34620
34707
34766
34904
34967
35114
35188
35354
35444
35794
35858
36197
36287
36356
36363
36707
36756
36761
36812
37061
37241
37609
37635
37639
37655
37893
38037
38135
38501
38628
38677
38684
38749
38783
38796
39048
39048
39388
39392
39927
39951
40045
40067
40178
40187
40245
40488
40524
40636
40771
40793
40796
40886
40906
41016
41033
41037
41348
41365
41414
41863
42106
42114
42205
42256
42527
43031
43055
43144
43145
43232
43450
43511
43558
43637
44062
44322
44856
44877
44882
44901
45019
45084
45106
45274
45677
45729
45759
45806
46028
46045
46046
46066
46224
46258
46258
46349
46451
47035
47105
47270
47459
47573
47950
48021
48232
48378
48747
48786
48819
49025
49108
49165
49172
49337
49556
49905
49925
50207
50487
50653
50668
50746
50994
51477
51484
51932
52263
52361
52544
52811
52873
53035
53049
53140
53157
53315
53405
53653
53673
53681
53688
53691
53737
53747
53748
53801
53917
53918
54014
54069
54079
54089
54700
54719
54845
54942
54950
54952
54967
55226
55391
55424
55452
55456
55474
55601
55635
55649
56229
56246
56449
56556
56705
56829
56906
57301
57529
57916
57923
57968
57994
58036
58221
58496
58525
58546
58556
58669
58731
58754
59119
59181
59362
59445
59849
59972
59982
60321
60401
60437
60446
60640
60676
60755
60802
60815
61078
61098
61191
61374
61427
61476
61504
61661
61820
61835
62120
62237
62573
62600
62611
62742
62950
62957
63075
63201
63361
63441
63595
63668
63980
64141
64178
64210
64216
64264
64523
64666
64799
64815
64955
65012
65270
65277
65283
65450
65609
65663
65688
65689
65873
65957
66011
66192
66209
66273
66380
66472
67413
67604
67646
67735
68111
68343
68358
68435
68503
68621
68766
68817
68822
68823
68870
68888
68945
68958
69018
69187
69191
69282
69295
69314
69489
69584
69595
70427
70472
70576
70658
70660
70669
70716
71238
71471
71534
71639
71691
71744
71804
71851
71951
72079
72080
72082
72170
72170
72305
72371
72437
72474
72494
72521
72658
72799
72967
73036
73097
73148
73239
73430
73486
73739
73747
74570
74675
74713
74880
75203
75259
75280
75345
75527
75614
75693
75718
75725
75835
75841
75848
76001
76227
76330
76404
76490
76750
77073
77120
77195
77203
77548
77701
78005
78188
78194
78308
78367
78770
78971
79016
79296
79370
79463
79592
79594
79657
79754
79850
80082
80084
80112
80198
80216
80219
80254
80302
80478
80571
80604
80641
80727
80798
80846
81075
81242
81362
81517
81623
81773
82167
82226
82256
82501
82762
82826
82997
83004
83078
83203
83347
83359
83415
83522
83592
83753
83858
83962
83994
84117
84147
84249
84459
84549
84710
84742
84888
84996
85008
85048
85128
85207
85260
85613
85674
85771
85811
85826
85950
86086
86332
86341
86343
86508
86955
87101
87118
87160
87245
87280
87487
87572
87784
87835
87861
88043
88318
88401
88745
88828
88863
88906
88955
88971
89062
89135
89311
89380
89422
89749
89752
89818
90088
90092
90114
90180
90282
90417
90526
90557
90629
90642
90896
90909
90989
91010
91189
91255
91372
91409
91528
91641
91703
91754
91847
91913
91918
91986
92004
92303
92320
92321
92332
92392
92699
92758
92804
93303
93311
93344
94006
94210
94349
94372
94814
95080
95752
95909
95940
96082
96274
96468
96566
96584
96591
96683
96836
96877
96924
97070
97341
97394
97408
97796
97944
98033
98113
98349
98377
98495
98516
98615
99050
99176
99226
99318
99478
99482
99694
99833
99885
99936
100246
100567
100715
100773
100930
100942
101353
101782
102200
102224
102751
102824
102851
103077
103153
103175
103208
103298
103381
103465
103514
103665
103882
103935
104017
104120
104258
104356
104427
104434
104634
104981
105103
105146
105187
105693
105696
106019
106026
106129
106160
106310
106470
106490
106519
106685
107026
107150
107157
107393
107547
107709
107857
107993
108023
108107
108227
108429
108462
108552
108567
108638
108753
108808
108818
109273
109441
109672
109879
109902
110223
110326
110515
110615
110773
110915
110989
111107
111223
111562
111674
111763
111960
111970
111996
112039
112194
112275
112697
112715
112907
112947
113004
113540
113803
113973
114100
114165
114315
114366
114411
114438
114622
114630
114721
114754
114870
114945
115057
115208
115474
115594
115679
115843
116034
116138
116351
116511
116668
116734
116829
117157
117210
117490
117683
117728
117853
117866
117963
118014
118227
118240
118377
118456
118582
118794
118974
119121
119184
119483
119516
119636
119674
119752
119781
119902
119914
119932
119984
120574
120658
120787
121018
121060
121070
121106
121197
121230
121543
121552
121575
121882
122331
122466
122489
122594
122814
122828
122887
122927
122997
123026
123051
123217
123217
123249
123311
123360
123414
123609
123634
123663
123794
123856
124234
124507
124525
124656
124750
124813
124943
125002
125142
125333
125460
125551
125811
125867
126021
126085
126122
126149
126248
126386
126749
126821
126827
127312
127717
127869
127917
128040
128135
128150
128252
128343
128406
128540
129326
129446
129535
129710
129753
129754
129756
130345
130757
130896
131005
131241
131337
131529
131633
131762
131855
131900
131904
131918
132033
132093
132606
133122
133200
133214
133332
133522
133644
133705
133711
133766
133926
133942
134061
134290
134460
134776
134881
135055
135557
135568
135656
135813
135983
136134
136280
136329
136508
136580
136657
136973
136992
137057
137430
137519
137653
137679
137739
137938
138005
138375
138430
138457
138618
138676
139004
139155
139269
139361
139403
139443
139518
139743
139921
140091
140229
140347
140442
140446
140589
140933
141061
141306
141460
141495
141541
141621
141681
141718
141758
141819
141857
141894
141985
141996
142090
142451
142488
142619
142653
142675
143135
143543
143704
143932
143934
144071
144200
144229
144235
144509
144517
144625
144654
144749
144841
144854
144881
145332
145485
145550
145827
146210
146224
146519
146669
146701
146717
146732
146805
146931
146985
147133
147170
147210
147272
147369
147476
147597
147661
147909
147945
147984
148014
148159
148187
148199
148221
148390
148404
148505
148616
149105
149241
149358
149407
149532
149789
149808
149871
149979
149992
150009
150306
150525
150782
150800
151021
151037
151191
151799
151800
151839
152153
152303
152368
152400
152431
152437
152589
152819
152875
152896
152981
153056
153267
153295
153305
153314
153347
153398
153735
153800
153866
154353
154447
154556
154664
154815
154841
155266
155269
155453
155637
155909
156036
156039
156092
156121
156174
156329
156695
156706
156795
156914
156920
156926
157170
157542
157688
158010
158049
158255
158306
158335
158491
158584
158989
159030
159046
159078
159358
159816
159841
160250
160252
160333
160382
160620
160890
160992
161159
161457
161703
161751
161783
162196
162215
162286
162472
162533
162537
162688
162805
162889
163005
163176
163431
163520
163532
163547
163752
163768
163798
163988
164495
164822
164971
165084
165145
165586
165825
165845
165907
166061
166108
166235
166370
166405
166733
166798
166871
166883
166994
167040
167162
167364
167392
167665
167740
167887
167927
167980
167982
168064
168176
168273
168306
168323
168528
168729
168748
168817
168858
169180
169358
169381
169525
169537
169608
169737
169751
169806
170030
170135
170200
170273
170319
170405
170554
170620
170723
170959
171048
171271
171468
171509
171754
171781
172141
172207
172268
172477
172481
172563
172718
172814
173421
173696
173936
174136
174259
174297
174429
174528
174846
174976
175111
175381
175411
175464
175602
175658
175771
175887
175948
176065
176068
176219
176221
176423
176505
176555
176772
176862
177187
177226
177260
177288
177380
177721
177773
177916
177933
177984
178091
178097
178177
178533
178626
178703
178716
178787
179022
179092
179102
179169
179250
179350
179388
179403
179472
179527
179593
179594
179820
179939
180095
180129
180572
180588
180714
180772
180881
180973
181444
181609
181634
181815
181834
181856
181955
182111
182253
182353
182397
182419
182649
182833
182922
182984
183032
183138
183250
183311
183341
183341
183501
183709
183741
183882
184262
184316
184363
184489
184561
184618
184749
184812
185123
185184
185344
185357
185575
185833
185835
186088
186138
186179
186190
186335
186488
186492
187025
187038
187155
187203
187532
187652
187683
187779
187813
188032
188248
188264
188347
188376
188487
188581
188671
188773
188899
189067
189126
189262
189271
189320
189347
189376
189738
189746
189983
190016
190274
190322
190371
190371
190616
190876
190952
190991
191008
191090
191111
191116
191160
191305
191436
191515
191558
191565
191764
191766
191796
191887
192079
192178
192342
192543
192577
192670
192841
192870
192876
192895
192939
193139
193218
193463
193577
193767
193792
194193
194223
194231
194433
194640
194645
194681
194772
194833
194873
194978
195068
195138
195304
195718
195804
195817
195859
196209
196353
196364
196551
196593
196607
196842
197083
197137
197386
197515
197579
197702
197985
197989
198479
198649
199023
199273
199376
199412
199566
200047
200071
200122
200299
200475
200826
200918
201002
201130
201291
201471
201506
201750
201949
201972
202032
202097
202109
202128
202223
202460
202475
202613
202622
202891
202896
202924
203015
203141
203436
203448
203597
203705
204050
204063
204071
204174
204463
204793
205008
205059
205240
205409
205645
205669
205853
205980
206066
206175
206250
206257
206288
206333
206403
206421
206433
206526
206571
206708
206866
206894
206949
207052
207105
207139
207385
207522
207591
207646
207783
207832
207869
207916
208031
208197
208238
208309
208322
208421
208481
208490
208673
208815
208896
209131
209140
209282
209344
209541
209552
209583
209851
209867
210038
210101
210206
210221
210455
210673
210788
211070
211620
211710
211763
211938
211964
212018
212258
212263
212546
212710
212717
212784
213204
213268
213337
213508
213556
213591
213623
213663
213765
213769
213789
213836
213897
214252
214521
214625
214721
214837
214989
214990
215007
215078
215117
215258
215283
215424
215437
215581
215813
215815
216012
216052
216263
216503
216541
216660
216747
216940
217005
217096
217129
217270
217806
217947
217996
218088
218092
218262
218327
218520
218708
218879
219065
219150
219170
219270
219297
219360
219483
219692
219730
219841
220075
220102
220252
220410
220517
220773
220836
220970
221138
221277
221438
221893
222214
222376
222697
222824
222831
222863
223049
223168
223196
223218
223305
223310
223326
223362
223398
223565
223630
224143
224291
224870
224976
225221
225311
225325
225517
225673
225680
226024
226051
226054
226198
226596
226730
226755
226828
226837
226920
227075
227179
227360
227387
227556
227903
227904
228000
228107
228266
228360
228455
228477
228534
228636
228680
228710
228841
229223
229471
229523
229909
230094
230135
230192
230212
230330
230423
230540
230595
230925
230987
231023
231065
231086
231418
231793
231847
231940
232289
232487
232502
232585
232669
233015
233148
233384
233417
233447
233562
233576
233649
233690
233718
233901
233943
233958
234203
234300
234310
234436
234694
234758
234767
234806
234995
235130
235204
235247
235402
235402
235433
235677
235773
235848
235904
236129
236410
236719
237007
237017
237020
237332
237400
237734
237765
237929
238046
238431
238638
238653
238810
238852
238966
239152
239194
240013
240243
240439
240927
240957
241156
241325
241354
241403
241607
241697
241719
241793
241907
242177
242220
242223
242236
242313
242475
242612
242688
242698
243387
243451
243489
243685
243801
243831
243886
244070
244151
244356
244369
244399
244404
244445
244456
244641
244650
244754
244817
245002
245032
245076
245194
245532
245806
245839
245948
246108
246258
246281
246323
246559
246739
246782
247188
247408
247412
247417
247755
247768
247995
248009
248045
248144
248312
248588
248601
248609
248653
248693
249217
249238
249320
249346
249613
249637
249716
249907
249943
250364
250514
250596
250645
250655
250737
250756
250767
251251
251260
251328
251519
251785
251794
251814
251816
251828
252109
252539
252567
252637
252738
253214
253219
253298
253376
253435
253476
253579
253592
253668
253678
253824
254038
254177
254384
254707
254732
254733
254932
255071
255101
255471
255547
255665
255834
255856
255922
256141
256191
256208
256331
256636
256878
256949
256995
257006
257212
257328
257544
257868
257926
257948
257948
257984
258029
258039
258168
258189
258434
258710
258722
258729
258890
259086
259182
259190
259206
259214
259295
259431
259643
259661
259866
259979
260041
260453
260578
260603
260720
260774
260850
260952
261036
261093
261192
261363
261754
261879
261891
261955
262332
262333
262424
263060
263124
263249
263291
263301
263347
263508
263673
264305
264446
264531
264531
264676
264959
265278
265454
265457
265714
265779
265789
265967
266537
266762
266782
266782
266797
266810
266903
267006
267079
267366
267456
267619
267671
267688
267775
268351
268503
268625
268915
269163
269262
269306
269368
269500
269672
269682
269724
269835
270011
270051
270196
270206
270342
270389
270510
270691
270928
270971
271044
271210
271424
271535
271586
271598
271618
271891
272038
272058
272121
272190
272632
272740
272786
273107
273196
273514
273667
273727
273849
274381
274440
274472
274584
275004
275448
275558
275684
275686
275844
275939
275947
276420
276447
276451
276453
276560
276614
276681
276794
276895
277068
277085
277185
277212
277273
277340
277345
277425
277710
277882
278070
278099
278121
278212
278402
278427
278753
279036
280112
280313
280376
280415
280427
280449
280501
280513
280614
280664
280741
280767
280884
280902
280903
280935
281098
281118
281122
281620
281654
281673
281721
282028
282176
282357
282595
282693
282742
282843
282872
283100
283240
283265
283303
283306
283470
283509
283806
283970
284026
284054
284300
284556
284598
284622
284626
285141
285149
285335
285419
285550
285669
285715
285799
285878
286056
286296
286575
286581
286619
286686
286904
286981
287310
287320
287391
287597
287657
287894
287932
288078
288102
288105
288164
288208
288372
288396
288469
288489
288665
289264
289315
289462
289472
289629
289724
289747
289824
289830
289836
289927
289993
290000
290094
290402
290414
290442
290464
290521
290613
291078
291079
291121
291210
291307
291731
291846
291895
291966
292165
292194
292201
292406
292828
293112
293223
293454
293579
293610
293820
293863
293904
294011
294297
294327
294352
294408
294438
294595
294640
294936
294982
294991
295038
295193
295197
295235
295440
295503
295573
295621
295655
295693
295748
295804
296034
296550
296621
296970
297159
297220
297314
297355
297418
297561
297606
297638
297675
297881
297888
297979
297985
297989
298089
298257
298295
298770
298797
298892
298955
298957
299031
299226
299334
299384
299637
299639
300563
300630
300912
301300
301337
301345
301362
301666
301840
301851
302276
302427
302514
302542
302581
302841
303017
303105
303617
303701
303722
303932
304022
304059
304102
304106
304150
304304
304324
304620
305062
305156
305179
305223
305306
305433
305499
305510
305623
305858
305927
305942
305947
306265
306430
306540
306564
306681
306797
306965
307315
307360
307642
307734
307788
307875
307981
308017
308222
308295
308386
308398
308601
308629
308691
308707
308827
308926
309003
309023
309117
309199
309518
309682
309921
310022
310040
310602
310742
310957
311053
311141
311309
311760
311926
311930
311960
312049
312058
312071
312094
312136
312232
312352
312362
312541
312596
312656
312842
312912
312918
313106
313222
313344
313366
313616
313650
313700
313782
314017
314096
314134
314170
314287
314801
315066
315075
315081
315149
315242
315306
315317
315463
315468
315475
315649
315657
315762
315817
316005
316019
316162
316427
317023
317362
317408
317451
317462
317791
318074
318096
318335
318377
318582
318700
319069
319144
319206
319426
319533
319712
319742
319996
320103
320268
320306
320367
320442
320453
320547
320586
320887
320950
321079
321104
322459
322605
322698
322846
323071
323305
323400
323509
323592
323739
323824
324322
324350
324697
324750
325478
325577
325584
325661
325753
325777
325843
326055
326134
326150
326394
326586
326652
327112
327132
327213
327383
327435
327442
327685
327835
327925
328099
328113
328250
328705
328777
328896
328926
328947
328957
329122
329126
329291
329436
329503
329568
329806
329844
329851
329948
329967
330064
330156
330346
330496
330736
330843
331205
331210
331393
331473
331598
331674
331865
331870
331904
332071
332271
332282
332400
332561
332620
332699
332820
333108
333155
333293
333364
333535
333730
333735
333860
334382
334474
334520
334655
334868
334953
335021
335109
335114
335180
335222
335413
335507
335586
335748
335815
335891
335914
335923
336031
336251
336538
336768
336962
336965
337095
337171
337444
337536
337663
337990
338469
338718
338899
338966
339137
339169
339520
339585
339651
339936
340039
340139
340146
340201
340204
340271
340325
340449
340664
340710
340782
340967
341004
341094
341180
341525
341535
341665
341763
341832
341908
342079
342101
342542
342823
343097
343307
343357
343358
343601
343656
344431
344470
344523
344544
344614
344773
344865
345098
345217
345241
345249
345368
345502
345503
345555
345611
345644
345688
346022
346068
346268
346388
346438
346447
346458
346646
346847
346911
347235
347369
347404
347656
347785
347806
347810
347910
348032
348093
348142
348272
348364
348475
348608
348656
348762
348803
348828
348860
348883
348901
349293
349391
349403
349403
349421
349624
349765
349828
349957
350428
350662
350813
350887
350986
350999
351037
351085
351278
351445
351605
351670
351677
351739
351795
351982
352040
352049
352344
352797
352918
352954
353098
353144
353220
353321
353414
353475
353534
353553
353585
353717
353883
354081
354093
354255
354547
354571
354575
354618
354686
354789
354840
354858
355252
355268
355277
355318
355481
355578
355697
355804
355848
356516
356666
356765
356855
356868
356929
357096
357543
357556
357642
357656
357731
357833
357867
357912
357935
357944
357978
358038
358179
358196
358204
358344
358391
358475
358561
358715
358779
358825
358992
359017
359028
359057
359350
359478
359600
359632
359726
359951
360093
360144
360366
360444
360446
360512
360555
360703
360924
360977
361002
361118
361229
361256
361407
361418
361479
361904
362043
362071
362172
362255
362270
362298
362419
362424
362618
362765
362815
362937
363089
363112
363172
363403
363831
363914
364197
364403
364704
364875
365243
365250
365254
365316
365461
365469
365489
365660
365690
365852
366234
366444
366495
366499
366546
366723
366789
366945
367005
367717
367735
367791
367978
368349
368643
368845
368995
369093
369165
369313
369518
369611
369616
369649
369653
369780
369874
369955
370529
370536
370565
370657
370944
371113
371114
371253
371411
371434
371695
371751
371786
371904
371976
372054
372054
372244
372419
372568
372695
372720
372733
372824
373236
373237
373277
373349
373692
374049
374072
374091
374241
374456
374601
374636
374639
374651
374682
374809
374863
374875
375029
375071
375219
375282
375529
375777
376007
376117
376161
376398
376780
376852
377167
377175
377269
377295
377347
377348
377409
377413
377494
377542
377658
377658
377743
377786
377877
377938
378000
378163
378208
378360
378678
378706
378710
378835
379296
379422
379516
379559
379708
379740
379854
379865
379979
380192
380528
380852
380979
381403
381449
381541
381646
381689
381702
381872
381877
382097
382156
382165
382217
382252
382309
382490
382694
382817
382933
383289
383429
383582
383654
383772
383807
383889
383928
383990
384005
384187
384303
384379
384437
384552
384632
384823
385042
385199
385231
385282
385413
385834
385951
386172
386465
386737
386841
387928
388065
388159
388279
388294
388411
388427
388566
388585
388660
389101
389305
389443
389493
389522
389607
389657
389683
389710
389878
389891
389907
390046
390230
390797
390873
391062
391099
391346
391560
391612
391663
391698
391707
391945
391967
392603
392798
392856
392980
393028
393119
393172
393210
393238
393395
393511
393548
393587
393612
393625
393669
393930
393938
393959
394010
394379
394497
394538
394619
394699
394786
394840
394957
395109
395130
395139
395165
395288
395350
395432
395492
395577
395697
395723
395802
395816
395818
395951
396245
396380
396750
396835
396875
397210
397309
397459
397535
397543
397581
397593
397987
398119
398246
398347
398610
398791
398972
399060
399174
399347
399430
399464
399517
399623
399746
399789
399797
399994
400007
400514
400618
400822
400911
401068
401157
401184
401192
401402
401412
401428
401616
401741
401988
402193
402193
402451
402622
402803
403014
403185
403251
403259
403349
403564
403727
403754
403843
403875
403904
404089
404283
404399
404479
404501
404558
404633
404658
404780
405009
405087
405224
405258
405375
405576
405711
405795
405858
405986
405996
406047
406360
406376
406413
406570
406662
406978
406983
407098
407351
407437
407572
407589
408084
408160
408384
408665
408784
408815
408836
409028
409593
409700
409741
409866
409885
410153
410159
410380
410654
410814
410878
410990
411010
411175
411225
411282
411443
411489
411649
411771
411829
412003
412249
412390
412607
412755
412863
412871
413030
413061
413214
413430
413607
413863
413901
413917
413926
414054
414127
414177
414337
414337
414461
415011
415080
415143
415146
415268
415348
415413
415654
415815
415910
415995
416032
416045
416293
416315
416717
416774
416793
417065
417167
417204
417382
417454
417616
418617
418621
418778
418789
419083
419484
419529
420158
420584
420642
420667
420727
420759
420760
420761
420776
420817
421086
421134
421294
421343
421355
421506
421545
421602
421666
421718
421826
421960
422127
422264
422418
422498
422660
422666
423103
423154
423178
423338
423364
423446
423564
423835
424013
424224
424255
424266
424458
424560
424689
424775
424778
425048
425065
425234
425305
425442
425487
425503
425609
425779
425903
425994
426232
426478
426651
426655
426777
426870
426906
426913
426965
427223
427241
427265
427383
427457
427558
427580
427990
428054
428083
428083
428112
428155
428380
428545
428891
429020
429049
429056
429129
429143
429178
429217
429243
429294
429305
429559
429717
429943
429984
430038
430104
430142
430230
430366
430607
430627
430783
430863
431041
431080
431162
431202
431334
431780
431847
432009
432210
432483
432589
432741
432751
432843
432880
432955
432997
433044
433145
433199
433560
433583
433898
433907
433915
434195
434246
434332
434405
434415
435258
435448
435656
435793
435966
436338
436405
436437
436442
436484
436490
436494
436529
436561
436800
437014
437356
437417
437467
437508
437530
437534
437590
437842
437938
438091
438260
438314
438368
438679
438835
438938
438992
439014
439364
439427
439455
439458
439507
439597
440225
440480
440883
440993
441203
441332
441387
441631
441781
441834
442001
442134
442174
442258
442401
442646
442874
442893
442896
443117
443178
443215
443243
444036
444118
444195
444327
444357
444382
444423
444444
444539
444616
444647
444701
444896
445030
445242
445411
445515
445553
445644
445701
445908
446085
446268
446398
446506
446620
446627
446644
446666
447076
447160
447250
447550
447752
447877
447885
448407
448414
448446
448894
449065
449164
449343
449623
449774
449791
449825
450001
450128
450196
450294
450646
450659
450692
450800
450841
450946
451092
451105
451143
451314
451314
451510
451515
451537
451701
451813
452122
452128
452283
452320
452352
452358
452361
452624
452711
453159
453163
453220
453338
453426
453545
453549
453552
453710
453723
453962
454019
454032
454204
454376
454644
454652
454804
454854
454943
455178
455305
455600
455618
455809
455840
456105
456328
456498
456501
456508
456510
456541
456887
456936
457329
457714
457729
457761
458146
458238
458262
458411
458551
458653
458836
458861
459286
459518
459830
459898
460069
460070
460153
460168
460348
460501
460504
460741
461088
461325
461342
461444
461585
461644
461693
461883
462034
462100
462104
462263
462363
462390
462517
462650
462689
463104
463106
463368
463393
463443
463489
463642
464054
464098
464134
464250
464256
464670
464862
465079
465181
465334
465431
465618
466264
466465
466635
466876
467111
467151
467238
467299
467466
467786
467839
467869
467899
468012
468021
468086
468158
468172
468184
468374
468397
468469
468469
468507
468555
468581
468610
468622
468772
468868
468895
468920
469129
469277
469309
469503
469568
469605
469660
470197
470258
470315
470326
470423
470515
470550
470654
470854
471014
471062
471184
471199
471266
471335
471589
471636
471750
471776
471791
471992
472030
472103
472200
472220
472231
472289
472322
472490
472503
472601
472817
472972
473100
473195
473318
473399
473453
473649
473860
473973
474049
474052
474092
474419
474777
475002
475089
475260
475410
475539
475545
475570
475729
475747
475949
476156
476315
476381
476410
476419
476621
477004
477204
477358
477396
477492
478093
478125
478153
478308
478408
478517
478896
478969
479147
479236
479259
479361
479482
479564
479727
479765
479936
480117
480216
480406
480779
480818
481042
481167
481318
481373
481393
481546
481595
482003
482036
482258
482333
482403
482412
482442
482497
482586
482919
483060
483063
483108
483185
483471
483757
483915
483996
483996
484013
484143
484143
484250
484401
484647
484670
484686
484823
484900
484938
485301
485582
485666
485672
485879
485905
486031
486280
486777
486856
486931
487031
487158
487242
487867
487895
487997
488012
488111
488146
488293
488708
488912
489295
489476
489478
489527
490067
490113
490157
490183
490198
490212
490537
490666
491096
491322
491555
491790
491953
491999
492026
492074
492136
492402
492461
492550
492663
492750
493050
493160
493445
493748
493817
493942
494090
494102
494328
494415
494449
494548
494591
494839
494911
495366
495632
496073
496098
496247
496281
496314
496400
496474
496601
496637
496642
496895
496982
497314
497600
497637
497845
498011
498146
498147
498202
498377
498785
498787
499017
499082
499180
499201
499549
499811
499811
500127
500208
500245
500328
500606
500643
500732
500736
500903
501149
501155
501425
501865
502004
502398
502434
502494
502551
502577
502600
502960
503043
503097
503671
503793
504000
504518
504586
504660
504751
504865
504904
505035
505170
505236
505245
505331
505524
505620
505649
505652
505669
505806
505817
506404
506411
506424
506441
506681
506898
506912
507258
507351
507427
507771
507772
507845
507888
508149
508203
508206
508212
508236
508555
508592
508639
508836
508922
509066
509116
509159
509245
509414
509519
509829
509941
509996
510091
510388
510464
510608
510703
511051
511052
511065
511182
511190
511196
511400
511503
511640
511843
511882
511991
512324
512420
512782
513436
513608
513767
514098
514111
514118
514424
514583
514611
514745
515104
515335
515499
515754
515754
515769
515830
515874
516154
516258
516284
516384
516571
516590
516607
516721
516898
517018
517048
517182
517252
517624
517699
517768
517810
518323
518470
518660
518886
519159
519265
519640
519671
519798
519851
519904
520045
520204
520515
520649
520801
520894
521286
521344
521445
521490
521554
521753
521791
521926
522019
522085
522258
522262
522328
522427
522500
522577
522760
522926
523006
523096
523269
523387
523425
523473
523487
523625
524191
524548
524652
524654
524725
524745
525291
525602
525626
525746
525757
525775
525805
525942
525978
526051
526072
526249
526265
526291
526365
526381
526443
526710
526744
527389
527533
527556
527648
527747
528057
528191
528217
528496
528529
528688
529011
529026
529099
529530
529853
529997
530081
530325
530478
530580
530685
530758
530924
530978
530986
531063
531118
531366
531496
531535
531586
531817
531839
532034
532141
532207
532207
532278
532813
532817
532843
533056
533095
533399
533417
533429
533570
533919
533952
533967
533998
534002
534219
534451
534524
534595
534612
534755
534854
535000
535187
535418
535851
535980
536043
536092
536173
536375
536553
536585
536750
536792
536833
536946
537175
537201
537243
537748
537815
537832
537836
537980
538316
538470
538638
538789
538822
538847
539010
539056
539144
539530
539637
539754
539885
540003
540041
540116
540670
540772
540812
540900
540945
541095
541145
541203
541283
541342
541382
541407
541409
541841
541934
541944
542132
542171
542190
542332
542344
542395
542431
542437
542490
542612
542747
542992
543233
543256
543299
543517
543752
543754
543779
543887
543905
543935
543953
544145
544273
544443
544556
544838
544967
545318
545611
546133
546137
546142
546404
546432
546449
546466
546854
546947
547037
547178
547301
547348
547381
547485
547851
548103
548120
548159
548311
548464
548568
548639
548690
548717
548817
549015
549048
549144
549376
549394
549506
549552
549733
549793
550076
550093
550205
550426
550440
550606
550719
550719
550901
551004
551344
551430
551523
551685
551986
552183
552190
552382
552390
552492
552671
552678
552998
553366
553368
553485
553569
553767
553787
553874
554018
554337
554459
554777
554827
554989
555041
555414
555540
555595
555648
555794
556058
556069
556115
556135
556160
556197
556210
556252
556299
556390
556411
556521
556638
556791
556925
556941
556964
557248
557284
557684
557701
557827
557974
558290
558877
558962
559032
559037
559078
559329
559341
559428
559699
559937
560311
560656
560776
560814
561171
561199
561289
561478
561519
561577
561633
561641
561644
561825
561917
561944
562025
562198
562263
562495
562743
562771
562789
562806
562972
562983
562994
563157
563622
563633
563654
563707
563937
564211
564267
564307
564528
564795
564858
565487
565597
565730
565983
566335
566378
566384
566542
566610
566688
566736
566788
566810
566899
566925
567124
567141
567191
567216
567547
567670
567852
568260
568267
568526
568665
569086
569134
569272
569285
569449
569671
569711
569799
570066
570235
570295
570328
570423
570489
570936
570997
571027
571248
571352
571587
571636
571776
571793
571865
571926
572101
572436
572568
572696
572799
572906
572976
573039
573095
573136
573306
573416
573452
573473
573677
573783
573819
573925
573925
574214
574350
574431
574440
574476
574682
574821
574830
574837
574994
575032
575188
575190
575201
575279
575429
575651
575776
575862
576028
576337
576356
576467
576845
576850
576888
576981
577203
577205
577286
577600
577789
577816
578038
578054
578349
578773
579135
579282
579483
579823
579826
579956
579980
579983
580019
580351
580557
580651
580853
580900
580976
581198
581292
581387
581428
581472
581758
581847
581903
581949
582050
582149
582159
582217
582430
582480
582616
582677
582683
582763
582806
582833
582857
582922
583038
583047
583113
583180
583416
583698
583756
583801
583893
583942
584103
584118
584119
584349
584431
584616
584660
584969
585172
585208
585436
585615
585626
585632
585635
585736
585742
586110
586312
586348
586383
586390
586415
586704
586708
586766
586858
587065
587354
587796
587798
587814
587958
588126
588192
588318
588335
588473
588533
588726
588737
588968
589203
589536
589615
589666
589705
589783
589882
589936
589950
590100
590178
590211
590243
590368
590395
590463
590668
590733
590806
591011
591026
591214
591411
591565
591597
591642
591673
591729
591774
591880
591919
592010
592011
592062
592494
592608
592677
592841
592956
592977
593081
593144
593182
593236
593325
593571
593632
593718
593949
594230
594288
594531
594649
594709
594861
594960
595010
595099
595241
595547
595718
595840
596046
596167
596234
596339
596412
596493
596526
596616
596655
596658
596868
596917
596929
597060
597139
597385
597645
597868
597870
598026
598416
598756
598796
598798
599143
599154
599206
599457
599568
599611
599794
599873
599911
599953
600030
600212
600306
600381
600437
600446
600475
600545
600575
600608
600626
600637
600699
600725
600784
600821
600935
601049
601261
601410
601547
601980
601997
602001
602079
602133
602147
602297
602397
602545
602739
602808
603120
603211
603244
603446
603650
603746
603877
604116
604136
604368
604382
604495
604514
604680
605359
605487
605589
605778
605890
605997
606081
606292
606611
606681
606929
607101
607286
607341
607404
607619
607980
608111
608226
608256
608397
608475
608502
608547
609373
609421
609504
609624
609630
609711
609738
609751
609883
609941
610022
610099
610361
610660
610722
610736
610827
610837
610999
611067
611077
611220
611706
611763
612229
612464
612636
612862
612916
613026
613436
613571
613598
613668
613689
613872
613981
613983
614011
614132
614275
614279
614629
614659
614856
615083
615379
615740
615906
616203
616340
616354
616368
616456
616460
616664
616734
616782
616847
616905
616959
616991
617188
617234
617677
617740
617925
617999
618680
618711
618759
618994
619274
619288
619632
619729
619747
619888
620245
620429
620431
620495
620837
620908
620918
621228
621249
621389
621460
621539
621558
621607
621844
621911
621951
621962
622442
622623
622752
622815
622877
623326
623342
623438
623499
623865
623896
624100
624264
624306
624586
624633
624661
625246
625355
625439
625453
625656
625661
625691
625699
625935
626038
626425
626540
626553
626687
627039
627135
627140
627145
627257
627332
627341
627510
627732
627994
628213
628393
628454
628546
628573
628624
628627
628827
628880
629011
629154
629216
629289
629369
629406
629775
629909
630102
630330
630409
630428
630840
631129
631270
631762
631976
632321
632637
632813
632845
632972
633033
633263
633272
633542
633781
633829
634118
634177
634196
634228
634288
634299
634348
634406
634456
634618
634673
634758
634771
634854
635029
635202
635327
635343
635675
635680
635828
636182
636187
636513
636535
636721
636834
636843
636959
637061
637623
637702
637740
637745
637821
637959
638112
638120
638132
638158
638181
638275
638447
638697
638790
638827
638950
639026
639198
639209
639380
639399
639483
639552
639569
639733
639996
640101
640104
640361
640614
640737
641032
641157
641256
641643
641940
642231
642560
642582
642707
642782
642833
642859
642948
643026
643065
643101
643294
643304
643358
643400
643716
643814
643900
643940
644008
644042
644076
644206
644344
644467
644586
644643
644918
645036
645211
645683
645699
645918
646385
646460
646502
646576
646701
647234
647279
647311
647414
647579
647585
647702
647748
647905
648006
648036
648145
648160
648161
648277
648281
648415
648658
648766
648979
648983
648985
649067
649094
649110
649183
649205
649828
649837
649889
649927
650064
650149
650192
650380
650414
650420
650473
650497
650719
650909
650963
651089
651299
651391
651819
651859
651897
651915
652107
652330
652490
652490
652657
652813
652876
653132
653142
653203
653480
653524
653528
653622
653768
654240
654322
654363
654527
654580
654645
654846
655133
655242
655427
655594
655622
655623
655752
655858
655885
655902
655976
655989
656067
656206
656418
656454
656582
656610
656719
657427
657483
657733
658006
658056
658176
658232
658944
659174
659251
659389
659515
659602
659612
659634
659819
659849
659903
660093
660171
660324
660532
660731
660779
660966
661050
661115
661147
661247
661265
661321
661491
661505
661507
661902
662117
662157
662230
662385
662456
662496
662951
663076
663197
663283
663375
663448
663771
663775
664232
664495
664610
664638
664885
665018
665023
665034
665157
665262
665415
665560
665606
665629
665771
665846
665862
665953
665954
666063
666085
666089
666132
666165
666179
666225
666243
666302
666451
666516
666808
666896
666928
666934
666984
667071
667176
667246
667503
667611
667712
667834
667923
668035
668103
668152
668234
668291
668347
668373
668648
668785
668865
668879
669133
669148
669149
669210
669482
669510
669582
669652
670105
670198
670284
670429
670457
670572
670754
670808
670982
671094
671105
671200
671297
671374
671454
671545
671723
671765
671861
672017
672026
672091
672261
672323
672362
672548
672562
672664
672894
672945
673073
673077
673104
673229
673394
673440
673826
673885
673940
674340
674712
674898
675414
675493
675543
675601
675698
675890
675925
675970
676109
676150
676281
676305
676306
676339
676360
676369
676474
676583
676734
676895
676978
677001
677009
677196
677201
677326
677374
677484
677612
678078
678250
678465
678604
678604
678771
678958
679006
679230
679285
679286
679306
679383
679445
679474
679570
679804
679863
680108
680214
680354
680816
680952
680984
681009
681156
681266
681379
681455
681530
681609
681799
682240
682264
682792
682824
683060
683072
683128
683513
683849
684000
684033
684138
684297
684322
684337
684586
684680
684946
685195
685326
685343
685621
686168
686237
686672
687140
687146
687171
687214
687448
687534
687537
687627
687993
687993
688023
688048
688200
688435
688555
688585
688847
688848
689005
689381
689469
689503
689554
689601
689698
689835
690093
690249
690294
690394
690822
690862
690884
691007
691610
691969
692136
692725
692785
692926
693001
693233
693333
693335
693363
693408
693522
693726
693746
693871
693873
693992
694106
694106
694449
694501
694502
694642
694843
695080
695600
695722
695837
695916
696072
696140
696325
696349
696476
696496
696547
696722
696842
696873
696875
696930
696938
696944
697066
697208
697325
697328
697421
697538
697791
698004
698106
698138
698209
698323
698346
698420
698492
698498
698519
698628
698804
698909
698935
699448
699759
699951
699963
700036
700153
700168
700233
700277
700472
700484
700716
700732
701129
701181
701409
701608
701845
702060
702756
702983
703008
703078
703078
703300
703438
703446
703497
703644
703707
703745
704185
704388
704569
704604
704643
704879
705076
705124
705134
705180
705286
705399
705424
706012
706101
706242
706298
706541
706599
706625
706663
706670
706771
706922
706926
706929
706937
706946
707021
707155
707252
707444
707484
707603
707986
708021
708104
708218
708277
708698
708721
708724
708726
708864
708875
708972
709266
709322
709471
709670
709679
710002
710086
710098
710135
710276
710557
710904
710909
711299
711312
711424
711466
711530
711595
711664
711672
711886
711959
711973
711994
712269
712538
712572
712707
712813
712972
713013
713260
713341
713526
713570
713907
714003
714262
714382
714388
714442
714611
714634
714670
714678
714681
714755
714973
715061
715125
715250
715270
715289
715335
715508
715540
715909
716029
716128
716130
716187
716203
716298
716359
716383
716519
717146
717158
717357
717472
717545
717608
717635
717735
718256
718269
718317
718371
718475
718477
718821
719043
719163
719350
719407
719481
719642
719760
719992
720230
720442
720670
720952
720988
721203
721317
721477
721518
721536
721582
721588
721652
721672
721674
721793
721808
721814
722002
722059
722084
722185
722273
722274
722584
722591
722612
722893
722960
722998
723170
723486
723487
723521
723710
723796
723866
724142
724149
724220
724292
724342
724351
724552
724782
725155
725210
725341
725637
725665
725861
726106
726165
726413
726419
726424
726553
726840
726877
727392
727560
727660
727696
727715
727821
728012
728176
728478
728579
728817
728828
728839
728998
729044
729140
729278
729575
729628
729654
729684
729736
729855
730073
730212
730253
730282
730548
730574
730674
730734
730950
731087
731108
731171
731232
731336
731423
731474
731519
731555
731610
731772
731845
732057
732062
732119
732179
732202
732238
732501
732714
732740
732791
732838
733224
733236
733310
733319
733624
733807
733855
733883
734026
734112
734118
734137
734174
734635
734663
734990
735018
735133
735154
735211
735548
735870
736246
736541
736557
736916
736953
737108
737149
737499
737625
737676
737752
738762
738766
738780
738809
738846
738862
739071
739191
739472
739553
739676
739735
739969
740294
740747
740787
740815
740987
741081
741129
741361
741374
741406
741951
742151
742237
742282
742503
742703
742888
743039
743076
743098
743135
743153
743234
743255
743569
743746
743966
743969
744066
744131
744250
744266
744557
744729
744740
744743
744757
744817
744866
745354
745437
745523
745639
745739
745796
746046
746107
746190
746258
746337
746512
746644
746692
746695
747079
747110
747182
747243
747257
747344
747396
747773
747875
748046
748177
748451
748461
748497
748567
748896
749043
749711
749747
749966
750076
750106
750183
750379
750384
750528
750652
750951
751172
751269
751365
751440
751456
751466
751640
751985
752232
752467
752482
752649
752758
752821
752827
753257
753318
753339
753493
753669
753698
753807
753818
753931
753947
754042
754372
754397
754500
754865
755032
755101
755300
755400
755426
755476
755731
755941
756132
756288
756470
756612
756688
756775
756817
756936
757384
757531
758027
758071
758279
758290
758325
758344
758440
758740
758826
759053
759249
759407
759799
759993
760003
760231
760506
760683
760746
760807
760995
761089
761155
761159
761244
761269
761372
761461
761462
761521
761565
761893
761955
762051
762562
762617
762753
762910
763004
763080
763584
763650
763697
763792
763810
763901
763986
764051
764169
764305
764375
764405
764414
764437
764470
764775
764850
764919
765549
765686
765903
765911
766214
766220
766233
766266
766450
766470
766479
766482
766512
766603
766713
766828
766944
766970
767042
767251
767268
767404
767478
767566
767824
768017
768042
768095
768431
768576
768731
768846
768852
769289
769307
769355
769403
769418
769481
769613
769615
769700
770150
770298
770447
770732
770751
770837
771019
771272
771303
771339
771414
771503
771510
771635
771684
771900
771981
772039
772130
772437
772614
772627
772693
772752
772859
773322
773433
773525
773717
774240
774379
774400
774455
774647
774867
774923
775300
775334
775491
776075
776132
776150
776277
776295
776526
776542
776727
776840
776857
776896
776948
776999
777163
777414
777446
777715
777758
777893
777977
777998
778089
778246
778252
778417
778419
778426
778595
778641
778892
778985
779029
779109
779178
779186
779203
779258
779621
779666
779845
779858
779917
780069
780151
780340
780438
780532
781054
781072
781278
781288
781457
781460
781744
781776
781803
781898
782241
782270
782309
782340
782424
782494
782544
782820
783192
783200
783312
783480
783539
783658
783757
783810
783907
784130
784378
784440
784623
784733
784881
784980
785261
785402
785419
785464
785478
785982
786225
786246
786259
786260
786324
786683
786686
786766
787062
787093
787200
787208
787618
787824
788011
788121
788145
788291
788576
788734
788773
788779
788870
789081
789130
789279
789312
789371
789460
789485
789659
789709
789715
789768
789893
789918
789933
790286
790403
790503
790837
790962
791145
791358
791471
791480
791619
791636
791673
791829
791877
791893
792045
792071
792148
792376
792376
792462
792542
792715
792726
793008
793032
793049
793171
793315
793416
793750
793780
793830
793855
793872
793890
794089
794113
794359
794444
794584
794822
794887
794982
795278
795351
795439
795489
795566
795638
795749
795771
795904
795932
796019
796331
796334
796402
796489
796734
796861
796873
796921
797048
797075
797081
797162
797236
797261
797291
797580
797585
797708
797962
798072
798099
798108
798205
798394
798463
798580
798778
798813
798857
799090
799303
799609
799671
799675
799832
799840
800057
800363
800398
800545
800558
800571
800580
800735
800876
800878
801004
801096
801197
801211
801375
801383
801451
801459
801567
801833
801968
802333
802580
802600
802813
802881
802965
802979
803259
803293
803495
803673
803694
803702
804060
804087
804219
804377
804688
804695
804736
804967
805155
805254
805282
805370
805478
805562
805599
805675
805767
805781
805869
805938
806003
806086
806141
806298
806415
806573
806583
806803
807036
807098
807259
807872
808052
808119
808233
808318
808363
808389
808746
808777
808803
809067
809169
809269
809294
809343
809446
809474
809719
809720
809902
809922
810046
810047
810067
810135
810250
810689
810875
811004
811014
811047
811073
811199
811257
811336
811437
811460
811569
811788
811938
812006
812039
812120
812204
812432
812518
812625
812902
812924
812949
813131
813229
813260
813383
813482
813508
813807
813851
813997
814120
814280
814506
814597
814599
814971
815187
815304
815531
815714
815918
816114
816136
816197
816323
816485
816497
816578
816723
816940
817045
817096
817215
817218
817311
817397
817414
817581
817931
818015
818139
818299
818375
818401
818440
818552
818556
818562
818578
818708
818780
818876
818983
818992
819200
819372
819527
819631
819640
819692
819699
819709
819854
819879
819897
819930
820122
820187
820276
820648
820875
821057
821078
821150
821165
821233
821639
821775
822015
822020
822070
822255
822379
822389
822429
822773
822851
823253
823266
823346
823470
823601
823644
823796
824010
824088
824114
824317
824634
824689
824904
824964
825058
825302
825304
825675
826035
826177
826244
826271
826304
826905
826935
827204
827331
827366
827420
827504
827750
827844
828104
828188
828206
828225
828612
828843
829188
829584
829697
829781
829923
829985
830279
830329
830341
830623
831179
831345
831427
831445
831542
831547
831785
831878
831938
831974
832066
832082
832117
832348
832374
832387
832526
832565
832665
832689
832738
832780
832833
832877
832923
832999
833251
833271
833487
833640
833760
833780
833781
833985
834044
834293
834343
834427
834475
834508
834739
834785
834861
835116
835338
835557
835560
835643
835671
835731
835793
835806
835834
835913
835922
835969
836384
836399
836482
836535
836767
836840
836974
837057
837081
837137
837435
837600
837693
837708
838091
838163
838335
838516
838671
838738
838763
839336
839424
839438
839601
839757
839757
839952
840089
840249
840291
840308
840609
840674
840719
840818
840827
840875
840971
841010
841051
841133
841374
841492
841629
841848
841893
842089
842244
842332
842409
842433
842444
842482
843061
843355
843535
843610
843925
844070
844212
844492
844685
844768
844932
845081
845472
845513
845675
845756
846085
846231
846287
846533
846601
846760
846809
846851
846944
847003
847346
847524
847545
848151
848198
848212
848226
848833
848884
849105
849135
849190
849313
849358
849361
849598
849613
849650
849669
850240
850394
850443
850665
850760
850978
851021
851032
851114
851149
851174
851223
851244
851260
851285
851362
851376
851617
851634
851746
851895
851925
851968
852016
852028
852095
852192
852529
852551
853013
853139
853157
853474
853515
853661
853726
853731
853794
853833
853947
854144
854291
854457
854545
854610
854655
854913
855120
855159
855209
855253
855340
855437
855453
855478
855830
856206
856324
856963
856980
857017
857112
857217
857235
857336
857512
857514
857597
857751
857784
858060
858290
858537
858645
858646
858889
858912
858973
858977
859238
859530
859553
859572
859784
860001
860221
860594
860814
860836
860847
860881
860935
861297
861761
862004
862070
862249
862317
862438
862590
862625
862774
862863
862992
863059
863310
863359
863391
863763
863863
863899
863953
864006
864084
864091
864133
864268
864297
864529
864679
864710
864840
864903
865242
865250
865297
865313
865425
865437
865465
865590
865667
865669
865698
865869
865900
866059
866069
866450
866525
866631
866634
866698
866716
866875
866901
866922
867259
867271
867366
867475
867690
867890
867923
867981
867985
868157
868239
868259
868686
868833
868864
868979
869083
869212
869213
869357
869471
869566
869576
869702
869756
869850
869886
870248
870578
870633
870808
870953
871069
871121
871228
871284
871507
871576
871760
871763
871791
871895
871978
872017
872064
872137
872223
872238
872325
872467
872479
872759
872897
872954
872970
873308
873334
873377
873474
873579
873763
873835
873849
873888
873925
874125
874257
874307
874680
874910
874995
875141
875265
875556
875901
876341
876745
876786
877611
877640
877680
877837
878164
878177
878228
878238
878297
878318
878404
878616
878711
878771
878849
878853
878901
878919
878932
878984
879115
879146
879218
879228
879441
879448
879903
879908
880008
880159
880210
880320
880393
880452
880516
880605
880724
880918
881226
881409
881620
881814
881862
881953
882229
882289
882301
882409
882514
882570
882614
882888
883209
883545
883694
883732
883776
883808
883982
883983
884137
884469
884567
884855
885084
885201
885310
885316
885579
885692
885727
886053
886197
886278
886305
886352
886446
886577
886800
886936
886943
887224
887249
887282
887385
887731
888149
888217
888261
888380
888541
888756
888838
888960
889066
889140
889210
889283
889560
889999
890109
890167
890568
890887
890960
891091
891233
891269
891473
891482
891751
891984
892371
892603
892716
892840
892841
892902
892917
892928
892951
893128
893203
893279
893289
893355
893371
893557
893640
893725
893992
894209
894245
894400
894443
894853
895023
895083
895243
895295
895352
895515
895898
896105
896293
896522
896565
896670
896813
896821
896860
896941
897007
897019
897026
897107
897162
897174
897240
897504
897564
897590
897662
897670
897708
897718
897722
897778
897800
898010
898100
898115
898145
898168
898465
898599
898741
898819
899008
899407
899516
899539
899546
899654
899859
899971
900366
900474
900689
900742
900799
900934
901093
901126
901226
901367
901421
901444
901474
901542
901588
901622
902026
902136
902342
902656
902839
902953
903250
903260
903430
903440
903769
904167
904242
904332
904351
904367
904385
904391
904419
904443
904592
904644
904664
904822
904867
904896
905014
905122
905266
905467
905549
905658
905706
905791
905903
905970
905974
906113
906173
906283
906467
906577
906624
906734
906843
907015
907151
907164
907298
907301
907337
907342
907356
907413
907478
907545
907770
907887
908119
908202
908237
908356
908714
908791
908838
908918
908972
909253
909315
909318
909471
909609
909700
909929
909935
909948
909991
910071
910227
910299
910548
910630
910836
910853
910893
911000
911461
911519
911537
911647
911648
911861
911863
911981
912298
912457
912554
912560
912768
912921
912924
912933
912976
913027
913042
913235
913324
913372
913634
913694
913732
913791
913934
914112
914255
914269
914368
914513
914534
914546
914562
914656
914956
915104
915251
915260
915308
915313
915881
915916
915969
916162
916237
916287
916310
916419
916486
916501
916503
916654
916785
916861
916980
917023
917049
917150
917202
917474
917492
917545
917629
917637
917735
917772
917834
918176
918225
918324
918423
918564
918631
918721
918963
918984
919025
919371
919655
919825
919872
919948
920051
920140
920156
920263
920293
920315
920364
920381
920555
920635
920904
921081
921220
921309
921356
921721
921774
921996
922189
922281
922463
922513
922564
922642
922793
922802
922828
922959
923089
923117
923337
923439
923522
923551
923747
923764
923793
924084
924143
924319
924411
924568
924629
924657
924843
924944
925067
925091
925158
925313
925553
925581
925682
925907
925950
925977
926064
926169
926214
926324
926757
926931
927109
927130
927293
927337
928193
928198
928212
928311
928314
928530
928536
928662
928679
928782
928897
928964
929039
929086
929178
929178
929490
930012
930118
930127
930496
930761
931204
931222
931262
931319
931345
931366
931399
931518
932273
932361
932747
932781
932898
933000
933018
933050
933165
933331
933370
933498
933641
933656
933862
933878
934423
934463
934565
934689
934863
934936
935138
935351
935386
935630
935655
935929
935939
936038
936174
936176
936314
936408
936460
936767
936944
936945
936988
937253
937324
937344
937397
937585
937938
938032
938289
938296
938513
938526
938542
938780
938898
938905
938921
939027
939174
939249
939313
939351
939512
939587
939942
940242
940385
940681
940758
940933
940969
941099
941141
941595
941636
941671
941732
941823
941940
941976
942078
942439
942556
942804
942835
942944
943214
943532
943783
943870
943910
943931
944041
944192
944268
944337
944595
944789
944875
944897
945039
945108
945109
945144
945417
945435
945727
945813
945879
945936
945999
946102
946208
946210
946327
946367
946370
946423
946676
946888
947000
947003
947040
947218
947261
947345
947412
947604
947633
947651
947908
947999
948072
948081
948258
948428
948607
948633
948657
948661
948662
948789
949003
949254
949473
949474
949553
949654
949706
949757
950171
950255
950307
950360
950725
950796
950829
950946
951329
951565
951604
951646
951725
951875
951907
952529
952633
952655
952785
952996
953210
953219
953384
953484
953691
953996
954231
954484
954518
954562
954636
954889
955131
955483
955649
955718
955823
956058
956108
956221
956398
956524
956542
956625
956929
957100
957193
957278
957356
957396
957450
957451
957899
958040
958202
958388
958393
958403
958415
958424
958616
958711
958998
959140
959426
959511
959717
959818
959923
960149
960189
960259
960310
961113
961271
961391
961403
961477
961683
961718
961770
961820
961904
962037
962225
962279
962458
962500
962664
962744
962801
963489
964001
964163
964212
964321
964421
964651
964792
964943
964952
965205
965269
965499
965551
965729
966417
966575
966638
966844
966921
967086
967176
967440
967693
967745
967870
967983
968061
968199
968231
968252
968270
968324
968370
968548
968603
968650
968815
969194
969228
969384
969544
969551
969591
969632
969915
970007
970178
970288
970469
970554
970560
970835
970886
970893
971237
971238
971264
971339
971388
971603
972211
972314
972359
972380
972556
973279
973546
973698
973798
974032
974056
974221
974726
974998
975171
975232
975382
975390
975402
975415
975609
975776
975911
975921
975944
976031
976073
976281
976521
976712
976806
977169
977317
977575
977586
977647
977687
977947
978009
978177
978236
978273
978446
978721
978756
978789
978890
978904
979267
979283
979289
979311
979392
979395
979454
979463
979466
979571
979625
979633
979680
979699
979930
979976
980162
980203
980289
980357
980430
980568
980843
981114
981399
981463
981473
981545
981841
981994
982154
982183
982335
982383
982471
982569
982606
982625
982770
982873
982901
982911
983019
983244
983503
983520
983540
983542
983786
984026
984037
984039
984118
984238
984333
984406
985039
985121
985302
985401
985465
985525
985527
985591
985601
985732
985797
986138
986224
986495
986532
986587
986675
986799
986821
987069
987084
987200
987207
987234
987322
987428
987653
987668
987694
987790
987880
987903
988007
988167
988284
988309
988439
988458
988459
988537
988747
989055
989177
989186
989488
989551
989659
989708
989977
990260
990492
990721
990796
990984
990986
991101
991194
991212
991242
991308
991617
991620
991624
991658
991660
991681
991721
991746
991759
991786
991826
991943
992003
992088
992149
992211
992221
992794
992816
992834
992990
993032
993181
993650
993836
993957
993960
994188
994321
994385
994588
994884
994997
995100
995398
995443
995520
996058
996189
996392
996603
996611
996897
997258
997341
997523
997537
997671
997710
997770
997839
997944
997992
998009
998132
998248
998383
998546
998793
998915
998919
999004
999114
999500
999507
999559
999640
999867
999937