164
281
625
1084
1277
1279
1310
1701
2144
2246
3069
3099
3447
3463
3587
3859
4095
4553
4841
4931
5030
5073
5088
5904
5943
5981
6016
6559
6834
7017
7312
7320
7756
7884
7899
8297
8366
8863
9070
9098
9297
9442
9719
10378
10508
10770
10975
11265
11325
11817
11891
12046
12635
12701
12728
12736
12811
12943
13092
13230
13949
14123
14240
14421
14508
14511
14528
14600
14622
14670
14677
15101
15158
15230
15326
15328
15395
15741
15894
15931
15964
16255
16993
17137
17324
17578
17662
17834
17845
18260
18579
18701
18916
18951
18968
18975
19236
19292
19503
19598
19608
19638
19706
19869
20250
20316
20605
21155
21183
21545
21852
22436
22720
22816
23139
23162
23181
23609
23804
23975
24460
24739
24918
24996
25092
25283
25880
26136
26474
26543
27045
27884
28160
28427
29003
29590
29653
29742
29928
30144
30144
30365
30447
30645
31339
31416
31447
31924
32322
33012
34018
34192
34528
34705
34798
35112
35464
35507
35682
35683
35998
36058
36173
36207
36387
36485
36847
36999
37026
37226
37287
37374
37452
37457
37493
37855
38096
38848
39061
39387
39493
39595
39735
39791
39856
40083
40182
40458
40625
40691
41318
41498
41674
42461
42574
42687
42695
42880
42908
43402
43633
43666
43828
44604
44643
44687
46030
46452
46504
47009
47224
47382
47526
47826
48428
48889
48993
49059
49250
49372
49537
49553
49738
49951
50028
50485
50847
51359
51826
51987
52097
52163
52598
52649
52744
53050
53239
53269
53531
53642
54023
54617
54673
54800
54843
54897
55016
55027
55171
55551
55882
55904
56320
56491
56858
56925
57342
57501
57652
57684
57883
58436
58954
59022
59109
59174
59206
59379
59613
59795
59803
60146
60170
60635
61843
62224
62588
62681
62787
62941
63077
63094
63233
63242
63437
63578
63725
63920
64304
64738
64913
65186
65190
65225
65511
66335
67658
67662
67672
68370
68513
68792
69243
69398
69569
69773
69849
70272
70405
70583
70680
71205
71498
71870
72401
73146
73299
73426
73820
74188
74225
74632
74678
74694
74855
75311
75389
75537
75848
75864
75910
76593
76688
76696
77221
77679
78136
78229
78307
78549
78835
79100
79138
79305
79376
79593
79727
79876
80356
80576
81572
81671
81735
81850
82242
82494
82607
82765
82926
83131
83192
83396
83506
83531
83574
83624
83670
83805
83820
83882
83937
83972
84017
84153
84178
84212
84742
85039
86261
86520
86913
86959
86960
87248
87376
87445
87624
87666
87668
88134
88260
88331
88592
88698
88876
89230
90430
90501
90509
91033
91399
91621
91662
91809
91863
92628
92755
92852
92941
93360
94274
94372
94377
94846
94848
94935
95269
95386
95732
96616
96689
96789
96913
96979
97033
97083
97141
97290
97512
98170
98331
98456
98905
99299
99401
100031
100164
100893
101443
101634
101765
101944
102150
102538
102560
102994
103179
103265
103786
103878
103973
104185
104634
104898
105216
105509
105627
107440
107637
107642
107675
108018
108094
108832
109364
109370
109497
109526
109827
110222
110478
110598
110644
110718
110984
111005
111650
111685
111861
111884
111902
112127
112147
112679
112763
112789
112962
113049
113325
113438
113460
113510
113572
113648
113802
114229
114275
114364
114401
115021
115212
115616
115846
116496
116520
117079
117215
117253
117517
118112
118319
118363
118568
119113
119261
119576
119586
119692
119834
119978
120339
120371
120473
121204
121364
121425
122268
122494
122868
123045
123683
124017
124093
124228
124293
124323
124948
125157
125165
125341
125363
126374
126812
126897
127099
127462
127496
127586
127596
127703
127782
127897
127912
128169
128442
128959
129061
129115
129138
129141
129675
129790
129821
129854
130095
130673
130675
130784
131224
131539
131610
131796
131959
132000
132038
132198
132273
132538
132931
133284
133525
133681
133737
134005
134199
134400
134940
135690
136027
136303
136569
137065
137309
137432
137622
137755
138116
138259
138329
138742
138841
138897
139417
140422
140756
140845
140855
141193
141220
141335
141533
141639
141661
141728
142575
142665
142719
143030
144407
144642
145205
145374
145395
145433
145895
146106
146305
146447
146979
147944
148062
148615
148621
148831
149059
149704
149856
150426
151011
151202
151326
151508
151508
151655
151689
151788
152193
152213
152460
152964
153025
153601
153695
153813
153898
154172
154332
154440
155421
155760
156203
156541
156630
156690
156799
157001
157015
157562
157620
157656
157916
158201
158361
158555
158745
158847
160204
160520
161133
161157
161360
161393
161718
162268
162395
162624
163190
163584
163594
163990
164052
164303
164314
164543
164714
164834
165022
165052
165584
165607
165764
166045
166125
166609
166870
167473
167621
167958
168145
168223
168481
168509
169400
170061
170780
170944
171478
171634
172143
172397
172417
172447
173345
174375
174897
175363
175364
175475
175549
175585
175689
175882
175971
175984
176386
176568
176972
177550
178172
178293
178389
178522
178699
178752
178774
179083
179364
179374
179762
179925
180404
180547
180816
180972
181078
181388
181494
181988
182547
182948
183882
183885
184449
184852
185117
185251
185974
186154
186245
186256
186369
186803
186933
187445
187571
187630
187961
188002
188032
188132
188234
188834
188929
188960
189373
189465
189533
190014
190165
190476
191483
191829
191919
192030
192371
192853
192941
193182
193793
193871
194106
194264
195009
195080
195432
195779
195856
196421
196430
196991
197138
197158
197431
197475
197720
198173
198457
198473
198828
198879
198937
199117
199779
200910
200940
200957
200974
202184
202929
203234
203391
203397
203526
203733
204512
204662
204740
205458
205822
205825
206066
206631
206980
207066
207088
207368
207939
207957
208273
208301
208327
208730
208884
209331
209503
209533
210122
210310
210640
210839
210965
211030
211127
211215
211267
211409
211561
211659
211674
213400
213418
213757
213890
214805
215046
215254
215315
215603
215813
216212
216843
217038
217070
217293
217369
217828
218102
218417
218756
219172
219438
219446
219777
220305
220386
220837
220866
221038
221089
221101
221738
221761
221802
221879
221977
222192
222211
222757
222848
222886
222904
222915
223327
223538
223874
223974
224359
225289
225555
226175
226204
226226
226402
226864
228372
228416
229471
229957
230798
231010
231331
231473
231881
232224
232384
233319
233398
233428
234303
235642
235694
235701
235712
235795
235985
236107
236279
236361
236493
236503
237287
237514
237814
237957
238243
238415
238848
238957
239027
239391
239670
240142
240464
240770
241040
241472
241917
241972
242051
242487
242658
242741
243486
243591
243817
244768
244783
244944
245075
245112
245147
245421
245498
245611
245650
245680
246259
246603
246624
246874
247035
247159
247292
247533
247825
247936
248001
248104
248195
248300
249133
249195
249274
249517
249661
249861
249998
250122
250212
250580
251107
251429
251560
251985
252028
252261
252329
252413
253043
253115
253146
253298
253310
253874
254619
254937
255113
255189
255652
255760
255969
256184
256489
256492
256495
256576
256896
257005
257047
257061
257265
257372
257604
257830
258206
258545
258610
259350
259395
259525
259580
259718
259895
260051
260396
260436
260806
261052
261089
261503
261520
261526
261631
261646
261765
261833
261940
262189
262355
262403
262410
262661
262709
262944
264698
264763
265738
266115
266794
267163
267246
267413
267481
267584
268045
268743
268760
268862
269103
269304
269346
269785
270385
270665
270883
270912
270954
271234
271240
271319
271585
271777
272111
272428
273120
273439
273843
274202
274259
274326
274355
274508
274689
274735
274824
275222
275660
276115
276127
276344
276462
277163
277494
277596
277809
277903
277932
277965
278061
278338
278436
278752
279087
279227
279802
279949
280679
280686
280729
281326
281413
281484
281540
281782
282276
283391
283557
283729
283845
284049
284323
284476
284638
284954
285049
285219
285390
285968
285985
286110
286481
286558
286666
286838
287183
287474
288168
288611
290210
290356
290648
290979
291094
291135
291228
291280
291335
291818
292506
292864
293132
293309
293315
293348
294446
294759
294928
294949
295037
295270
295341
295476
295623
296327
296413
296427
296565
296599
297141
297314
297676
297823
297833
297931
298156
299323
299905
299937
300102
300423
300856
301111
301284
301293
301776
301892
301961
302017
302130
302311
302875
302928
303021
303137
303608
303880
304109
304121
304292
304631
304673
304828
304850
305205
305400
305439
305479
305552
305563
306086
306590
306781
306867
307078
307332
307515
308018
308022
308489
308700
308814
309313
309403
309642
309669
310453
310493
310919
311265
312311
312385
312414
312476
312580
312651
313070
313188
313461
313859
314288
314496
315149
315190
315425
315552
315639
316071
316251
316590
316674
317009
317009
317275
317336
317669
317890
318360
318365
318443
318472
318714
318782
319270
319375
319581
319762
320213
320597
320820
320825
320882
321377
321776
322446
322533
322694
323095
323347
323785
324488
325014
325102
325116
325120
325300
325501
325857
325986
326104
326163
327264
327323
327592
327922
327991
328092
328175
328197
328558
329217
329510
329564
329667
329736
329898
330000
330580
330641
331035
331113
331222
331340
331391
332133
332576
332662
332776
332823
333331
333399
333957
334571
334677
335253
335523
335778
335779
336009
336148
336347
336617
336758
337036
337204
337469
338296
338359
338919
339469
339683
339742
339908
339983
340127
340143
340314
340359
340485
340778
341142
341607
341700
341760
341844
342305
342366
343297
343424
343928
344144
344382
344792
344941
345217
345224
345814
345909
346357
346742
346787
347001
347161
347295
347395
347438
347538
347717
347720
347866
347991
348619
348776
348880
348924
348960
348998
349106
349199
350125
350191
350794
351078
351105
351344
351418
351523
351669
351745
351880
351923
352060
352832
352969
353404
353959
354397
354857
355368
355391
355493
356336
356474
356563
356777
357474
357704
357726
358302
358501
358681
358769
359013
359474
359819
360812
361232
361527
361678
362625
362828
362977
363110
363891
365083
365148
365858
366282
367465
367753
367776
368010
368316
368865
369150
369198
369231
369898
370154
370456
370807
370808
370927
370931
371097
371233
371266
371306
371617
371860
372024
372209
372791
373041
373357
373764
374204
374318
374474
374602
374811
374861
374974
375238
375367
375485
376757
376976
376985
377014
377288
377354
377399
377750
378247
378340
378450
378864
378907
379488
380395
380561
380753
380787
381202
381297
381369
381613
381626
382311
382670
382780
383464
383511
383969
384079
384677
384829
385225
385438
385454
385578
385730
385849
386410
386469
386495
386795
386825
387025
387332
387360
387766
389075
389224
389271
389297
389316
389376
389606
389754
389940
389968
389969
390102
390843
391993
392018
392408
392864
393796
393841
394290
394387
394422
394669
395401
395645
395667
395731
396024
397229
397347
397417
397817
398058
398061
398273
398356
398570
398721
398847
399276
399458
400080
400579
400756
401020
401105
401375
402510
402887
403215
403324
403495
403522
403601
404111
404370
404492
404579
405119
405729
405767
405989
406344
406589
406619
406780
406873
408158
408580
409312
409652
409918
410225
410301
410359
410618
410884
411045
411434
411522
411674
411681
411727
411896
412284
412670
412823
413077
413245
413541
413721
413758
414089
414280
414318
414812
415441
415549
415706
415828
416106
416266
416381
416427
416467
416512
416517
416693
416715
416789
416940
417243
417606
417699
417970
418018
418465
418477
419107
419921
419923
420018
420256
421477
421520
422756
423013
423123
423292
423567
423754
424805
425070
425338
425359
425866
426029
426141
426141
426306
426471
426566
426628
427051
427058
427243
427389
427528
428001
428235
428694
428828
428916
429131
429373
430058
430430
430518
430684
430851
430883
430999
431051
431324
432182
432247
432249
432290
432339
432457
432538
432743
432967
432985
433010
433234
433236
433402
433677
433927
433954
433971
434025
434196
434242
434283
434294
434543
434611
435103
435441
436293
436446
436587
437451
437652
438004
438031
438422
438423
438907
439070
439344
439465
439859
440179
440250
440251
440457
440583
440591
440618
440637
440840
441085
441937
442032
442078
442119
442265
442327
442415
442593
442807
443253
443630
443643
443734
443765
444155
444213
444475
445640
445705
445839
445934
446690
447014
447124
447356
447880
448205
448275
448532
448554
448601
448666
448966
449997
450066
451141
451449
451667
451857
451893
451965
452437
452532
452796
453178
453180
453602
454071
454073
454233
454390
454664
454955
455025
455186
455301
456645
456768
457023
457052
457257
457575
457625
457940
457964
458164
458191
458267
458410
458415
458566
458648
459310
459470
459599
460240
460623
460816
460938
461021
461166
461173
461225
461328
461347
461388
461576
461713
461821
461852
463027
463333
463433
463489
463954
464262
464700
464833
465181
465187
465356
465598
465670
465684
466469
466720
466922
467348
467572
467727
467731
467843
468113
468813
469068
469217
469360
469590
469631
470064
470312
470756
471323
471350
471415
471532
472080
472605
472717
473358
473397
473497
473521
473674
474081
474189
474465
474804
475093
475246
475724
475977
476314
476483
476597
476723
476773
477219
477297
477493
477994
478859
479027
479459
479577
479633
479654
479716
480047
480130
480415
480597
481532
481891
481960
481975
482202
482701
482803
482865
483136
483654
483710
484129
484186
484446
484525
484673
484875
485363
485440
485562
485668
486141
486521
486916
487114
487803
487926
488012
488503
488518
488667
488729
489514
489591
489686
489820
490136
491282
491697
492129
492172
492187
492254
492345
492420
492436
492608
492716
492782
493044
493233
493699
493999
494191
494288
494632
494938
495391
495596
496034
496475
496620
496734
497150
497281
497327
497371
497521
497600
497847
497873
498479
498955
499310
499341
499681
499696
499833
500228
500703
500832
501324
501819
502180
502365
503002
503150
503632
503735
503800
504050
504442
505325
505549
505664
505815
505895
506778
506970
507039
507333
507342
507907
508128
508249
508331
508396
508564
510406
510485
510949
511394
511831
511862
512556
513155
513298
513377
513532
513583
513706
514213
514631
515202
515469
515552
516200
516236
516257
516349
516652
516739
516772
517332
517400
517529
518125
518280
518295
518817
518983
519275
519437
519820
520115
520274
520425
520783
520933
521443
521514
521867
522134
522214
522512
522702
522813
523050
523214
523234
523384
524173
524641
524959
525033
525296
526341
526797
526807
527194
527438
527623
528266
528384
528953
529017
529061
529484
529804
530554
530908
532143
532939
532993
533075
533197
533450
534053
534315
534673
534910
535190
535649
535823
536399
536723
536959
537132
537157
537166
537218
537372
537565
537579
537579
538203
538273
538293
538430
539014
539176
539594
539665
539842
540045
540222
540336
540418
540637
540712
540894
541174
541745
541855
542020
542222
542554
542884
542994
543205
543233
543241
543525
543688
543743
543985
544328
544669
545029
545222
545581
545934
545964
546172
546201
546327
546446
546513
546657
547559
547773
548136
548400
548461
548891
549387
549538
549729
549781
550001
550008
550108
550211
550253
550260
550435
550613
551169
551632
552071
552226
552351
553071
553140
553437
553978
554006
554322
554328
554381
554893
555220
555363
555520
555764
555810
556506
556520
556555
556564
556699
556746
557070
557398
557425
557674
557727
557779
557809
557921
558165
558514
558819
558821
559551
559643
560656
560676
561279
561362
561599
562187
562483
562572
562647
562974
563274
563509
563864
563908
564089
564193
564253
564328
564574
565457
565499
566124
566336
566456
566499
567463
567507
567577
567680
567749
567768
567799
567867
568030
568038
568220
568359
568832
569056
569194
569676
569801
569815
570270
570302
571320
571664
571718
571968
572072
572786
573072
573186
573359
574254
574972
575045
575217
575269
575288
575585
575849
576529
576606
576642
576701
576801
577076
577401
577439
577465
577635
578024
578058
578119
578421
578691
579034
579138
579264
579347
579617
579695
579740
580010
580072
580139
580204
580246
580480
580491
580701
581236
581246
581685
582124
582502
583255
583488
583657
583705
583852
584134
584402
584574
585123
585430
585605
585680
585746
586258
586274
586418
586516
586565
586953
588059
588152
589961
590209
590578
590731
590975
591490
591895
592333
592339
592826
592974
593160
593287
593411
593468
593748
594095
594096
594351
594370
594687
594890
594952
595326
595348
596099
597626
598525
598536
598858
599011
599451
599551
599567
599747
599760
600272
600562
600729
601464
601824
601885
601959
602650
603333
603523
604110
604144
604205
604524
604553
604617
604673
604947
605009
605070
605091
605408
605446
605629
605876
606437
606559
606571
606619
606869
607190
607356
607954
608025
608130
608396
608479
608532
608889
609608
609990
610537
610805
611174
611259
611321
611427
611446
611524
611730
611788
611855
612378
612861
613290
613397
613822
614055
614478
614615
614956
615450
615769
616022
616165
616636
616846
616943
617165
617271
617372
617809
618604
619046
619079
619227
620023
620042
620342
620586
620599
621231
621314
621362
621480
621915
622010
622745
623221
623324
623490
623609
623810
623810
624519
624854
626253
626267
626490
626661
627027
627197
627395
627505
627517
627978
628770
629930
629952
630910
631220
631306
631323
631569
631936
632544
632728
632843
633166
633167
633610
633742
633988
634414
634772
634976
635104
635963
636155
636268
636344
636386
636424
636775
636934
637456
637704
637833
637863
638235
638441
638563
638565
638812
639194
639220
639236
639409
639772
639829
639951
640493
640551
640655
640685
641108
641122
641611
641768
642815
642841
642879
642923
643014
643240
643884
644344
644476
644716
645463
645562
646150
646211
646601
646656
646722
646731
646778
647591
648062
648435
648627
648745
649325
649689
649778
649821
650000
650456
650867
651396
651532
651575
651867
652052
652076
652110
652131
652238
652434
652724
652745
653960
654178
654593
654726
654737
655320
655381
657556
658035
658369
658516
658784
658871
659278
659331
659483
659526
660384
660470
660539
660809
660861
661002
661191
661244
661651
662402
662449
662564
662697
662780
662962
662968
663216
664020
664167
664441
665157
665343
665368
665586
665667
665770
666592
667061
667605
667687
667835
669024
669232
669472
669668
669867
669878
669963
670039
670712
670832
670892
671088
671183
671641
671716
672076
672453
672790
672794
672796
673065
673336
673345
673684
673799
674492
674863
675049
675400
675529
675555
675573
675916
676045
676335
676560
677040
677061
678067
678256
678463
678524
679098
679367
679650
679741
679946
680053
680108
680581
681138
681829
682058
682378
682431
682980
683043
683112
683318
683363
684337
684381
684879
685249
685275
685406
685587
685682
686087
686650
686695
686878
687248
687719
687791
687823
688478
688541
689010
689138
689217
689883
690075
690112
690278
690528
690673
691240
691354
691520
691529
691855
692145
692241
692290
692823
692986
693030
693123
693734
693750
693771
693840
693937
694466
694534
694573
694671
694681
695077
695257
695741
695942
696266
696585
696689
696909
697056
697915
698583
698685
698764
699376
699506
699562
699602
699648
699670
699709
699971
700567
700937
701769
701858
701942
702936
703060
703367
703486
703513
703535
703926
704300
704318
704677
704912
704986
705148
705824
706005
706140
706779
707212
707774
707778
707852
708081
708106
708150
709032
709427
709754
709760
709954
710020
710409
710456
710459
710681
710723
711220
711653
711983
713054
713298
713996
714345
714690
714792
714808
714997
715021
715250
715296
715365
715434
715903
716121
716149
716242
717051
717421
717844
717972
718433
718519
718580
718799
718938
719224
719381
719528
719550
719741
719756
720242
720279
720530
720694
720887
721833
721997
722658
722997
723423
723538
723865
723880
723880
724479
724858
725139
725164
725204
725458
725794
726084
726102
726286
726345
726491
726520
726578
726710
726937
727140
727890
728946
729474
729481
730331
730348
730944
731012
731097
731169
731504
731771
731836
731964
732466
732648
732666
732880
733003
733148
733735
733913
734162
734592
734635
734851
735016
735073
735097
735274
735309
735401
736046
736303
736410
736832
737131
738348
738352
738865
739023
739206
739296
740898
741182
741864
741906
741917
742377
742602
743729
744158
744197
744432
744654
744780
744910
744969
745578
745699
746138
746453
746475
746613
746834
746888
747052
747370
747417
747589
747733
748140
748352
748416
748889
748889
748933
749073
749225
749556
750142
750157
750774
750967
751417
751861
752253
752467
752739
752853
753133
753279
753418
753612
753620
753641
753641
753683
753752
753815
754204
754333
755066
756146
756159
756371
756544
756666
757387
757535
757858
757906
757947
758065
758171
758380
758531
758621
758883
759177
759446
759745
759880
760240
760362
760402
760546
761186
762445
762726
762868
763432
763512
763537
763604
763636
763868
764057
764194
764303
764346
764444
764484
764540
765144
765306
765356
765426
765628
765685
765717
765836
766125
766737
766761
766795
767167
767240
767510
767782
768296
768304
768399
768693
768699
768949
769045
769542
769706
769783
770383
770461
770616
770789
771431
771447
771465
771594
771657
771730
772351
772641
772789
772916
773269
773281
773601
775711
775838
776004
776016
776236
776443
776586
776657
776667
776773
777022
777082
777183
777254
777254
777345
777821
777977
778653
778858
779031
779452
779460
779675
779681
780515
780714
780771
780801
781245
782059
782105
782406
782470
782693
782698
782736
782762
782826
783080
783211
783282
783319
783544
783616
783616
783720
784703
784962
785057
785359
785424
785652
786253
786330
786616
786977
787267
787393
787406
787663
787670
787804
787999
789120
789180
790531
791643
792236
792919
792959
793043
793193
793718
793731
794130
794157
794360
794451
794913
794988
795104
795609
796069
796226
796305
797079
797228
797409
797752
797841
798199
798435
798448
798681
798709
798777
799005
799362
799490
800120
800121
800209
800335
800465
800608
801035
801142
803259
803309
803716
803758
804003
804259
804676
804762
805702
805707
805750
806078
806119
806458
806924
807394
807505
807712
807895
808005
808432
809314
809342
809659
810052
810081
810712
810828
810975
811179
811310
811467
811925
812273
812469
812618
812624
812794
813146
813230
813510
813693
813892
814301
814751
815120
815607
815610
816497
816515
816520
816575
816628
817151
817184
817342
817505
817942
818385
818456
818517
818749
819414
819629
819772
819795
819872
819898
820146
820573
820614
821369
821887
822400
822530
822647
822947
822956
823545
823876
824401
824433
824586
825583
826215
826399
826587
826621
826662
826968
826999
827447
827859
827995
828250
828272
828311
828438
828558
828744
829213
830514
830761
831159
831522
831763
831833
832019
832374
832481
832645
832669
832742
833136
833367
833424
833615
833712
833809
833918
834425
834663
834936
835097
835183
835196
835310
835465
835549
835552
835793
835802
835878
836007
836668
836710
836864
836880
837095
837267
837438
837634
838489
838501
838630
838664
838713
839110
839125
839332
839892
840403
840890
840933
841018
841058
841224
841271
841385
841497
841550
841606
841923
841927
842230
842906
843220
843400
843541
843557
843667
843705
844667
844801
844866
845036
845226
845296
845460
845485
845890
845891
846281
846359
846487
846725
847009
847337
847353
847394
848661
848846
849164
849306
849707
849731
850048
850486
850546
851107
851172
851382
851473
851474
851517
852257
852323
852529
852566
852799
852806
853041
853260
853490
853577
853702
854614
854741
854839
854975
855071
855090
855294
855412
855741
855843
856623
857005
858650
858698
859081
859262
860095
860337
860498
860683
860718
860980
860999
861048
861211
861614
861819
862150
862393
862654
862857
863020
863102
863298
863635
864084
864448
864844
866045
866203
866372
866751
866951
866992
867039
867093
867208
867375
868015
868020
868274
868324
868489
868572
868775
869095
869635
869855
870089
871162
871288
871663
871688
871705
871837
871845
872097
872280
872469
872761
872799
872804
873058
873604
873708
873823
873841
874183
874430
874805
875054
876272
876419
876597
876624
876784
876817
877256
877348
877522
877622
877772
877938
878057
878094
878214
878308
878827
879025
879186
880156
880265
880491
880850
881002
881578
881616
882277
882300
882508
882872
883002
883046
883064
883292
883767
883771
883803
883883
884407
884615
884933
885011
885041
885916
886071
886269
886444
886495
886632
886901
887049
887193
887478
887743
887868
888033
888567
888812
889011
889458
889561
889746
889778
889849
890186
890198
890364
890428
890492
890766
890960
891745
891934
892111
892313
892350
893086
893138
893550
893696
894373
894903
895492
897513
898017
898184
898281
898395
898467
898492
898564
898737
898828
898854
899410
899446
899467
899800
899998
900350
900551
900586
901077
901365
901463
901958
901984
902007
902172
902183
902350
902446
902473
902526
902579
902799
902827
903015
903067
903416
904147
904183
904416
904680
904842
904930
905135
905688
906107
906245
906251
906351
906411
907373
907564
907817
907963
908094
908233
908334
908839
909015
909134
909222
909332
909519
909866
910697
910724
910960
910982
910988
910993
911383
911527
911852
912410
912649
913182
913708
914185
914466
915154
915464
915545
915655
915878
915942
916079
916155
916210
916355
916536
917533
918055
918090
918227
918406
918442
918635
918670
919238
919243
919322
919433
919961
920242
920479
920870
920889
921720
921955
922194
923015
923156
923531
923638
923667
923778
924005
924417
924717
924722
924742
925096
925364
925669
925787
925853
926166
926532
926638
926745
926817
927240
927297
927303
927750
927803
928762
928848
928939
929368
929450
929479
929586
929615
930752
930802
930980
931059
931532
931859
931978
932505
932791
932905
933033
933087
933114
933166
933171
933861
934158
934195
934317
934384
934490
934781
935044
935082
935185
935203
936263
936322
937400
937602
937760
937886
937998
938116
938178
938335
938665
938743
938757
938769
939046
939727
939732
939862
939912
940150
940213
940299
940701
940888
940950
941057
941085
941117
941335
941377
941419
941529
941756
941893
942194
942675
943155
943481
943523
944414
944469
944573
944730
944750
944918
945241
945417
945471
945606
945758
945777
945989
946058
946198
946282
946345
946574
946820
947118
947211
947290
947426
947708
947988
948219
948676
948818
948907
948999
949159
949359
949963
950535
950831
951317
951379
951833
952021
952078
952346
953662
953695
953978
954601
954969
955246
955455
956136
956172
956204
956509
956624
957109
957404
957735
957787
958016
958041
958450
958536
958771
958893
958933
958943
959064
959249
959360
959415
959656
959684
960013
960206
960414
960509
960868
961255
961443
961461
961914
962412
962668
962711
962921
962948
963556
963590
963639
964407
964466
964534
964592
964759
965193
965340
966033
966763
966883
967072
967104
967550
967585
967659
968214
968398
968419
968508
968568
968702
968747
969151
969332
969439
969469
969543
969769
969859
969948
970160
970427
970616
971460
971565
971620
971708
971857
971866
971902
971929
973875
974016
974158
974162
974513
974586
974594
974783
975355
975647
975698
976066
976440
976941
977072
977150
977298
977376
977624
977628
977783
978344
978432
978626
978776
978793
978797
978866
978920
979348
980548
980808
981146
981389
981599
981924
983008
983373
983602
983769
983794
983813
983824
983908
984099
984136
984269
984570
984946
985120
985320
985912
985996
986018
986263
986638
986735
986898
987628
987925
988098
988407
988540
989098
989249
989494
989685
989808
990143
990330
990582
990771
990854
991323
991469
991587
991855
992157
992197
992420
992806
993024
993119
993168
993198
993240
993807
993968
994078
994456
994934
995307
995409
996246
996656
996778
996788
997081
997477
997741
998114
998387
998622
999024
999138
999344
999423
999450
999533
999559
999841
999920