909
976
1109
1697
1950
2300
2315
2418
2999
3204
3234
5122
5279
5721
6262
6347
6511
7350
7911
7929
7992
8523
8700
9490
12717
13141
13689
13935
14393
15097
15571
15681
16448
17193
17446
17682
19124
19152
19868
19902
20446
20624
21001
21006
22027
22491
22747
23468
23504
23512
23521
23658
23679
24902
25031
25502
25682
26607
26644
27127
27185
27567
27631
27650
27720
27908
28882
28916
28984
29566
29696
29732
30006
30147
30476
31014
31446
31727
31839
32350
33067
33832
34832
34950
35415
35772
37015
37313
37772
38226
38270
38551
38812
39131
40506
40553
40838
41287
42462
42554
43045
44439
44707
44949
45463
45585
45757
47315
47603
48476
48923
49072
49390
49473
49691
49952
50628
50681
50962
51197
51303
51456
55043
55388
55899
57816
58272
58324
58344
58626
58765
59042
59244
59330
59369
59510
60256
62017
62459
62557
63336
63677
64642
65449
66644
68495
69071
69536
70261
71738
72720
72852
74505
74820
75186
75426
75745
75967
76426
76899
77643
80089
81082
81274
82404
82654
83043
84013
84143
84456
84687
85710
85748
86044
86052
86718
87797
87853
88577
89341
89366
90197
90235
91789
92216
93641
94116
94142
95384
96467
96487
96613
96776
97308
97830
98108
98184
98533
100153
101080
101205
101295
101324
102612
102905
103673
103933
104417
104809
104911
105522
106138
106759
106902
107379
107564
108765
109046
109288
109778
109862
110616
111058
111120
111928
112236
113539
113660
114058
114224
114273
114281
114366
114642
115087
115194
115247
115742
117187
117779
117920
120961
121108
121109
121147
121393
122164
122723
123492
123947
124250
124594
124615
124695
125579
125846
127022
127638
128978
129211
129955
131381
132289
132772
133861
134547
134652
134713
134778
135836
135916
136487
137114
137328
137359
137886
138382
139973
140180
140410
140664
141911
142657
142902
143569
143948
144799
144942
145043
146151
146744
147219
147358
147973
148226
148272
148567
148608
149501
149520
150333
150660
152068
153269
153613
153766
154396
154702
155082
155517
157180
157628
160010
160124
160153
160419
160751
160974
161710
162415
163631
163646
164211
164559
164764
165304
165377
166006
166322
166642
168258
169854
170414
170468
170730
171438
171527
172223
172994
173277
173639
174175
175026
175320
175544
175663
175977
176487
177331
177855
177905
178520
178984
179295
180585
180634
180946
181361
181581
181933
182236
182872
183198
183474
184126
184211
184273
184489
185134
185340
185630
185717
186032
186049
186571
188000
188646
189431
190051
190124
190685
191062
191137
191206
191231
191541
192127
192223
192411
193453
195277
195770
196840
198228
198374
198400
199595
199979
200993
201802
202165
202636
203430
203568
203905
204457
204546
205506
205961
207487
207518
208357
208607
209442
209772
210090
210501
210829
210975
211807
212126
212337
212371
212810
213157
213451
213683
213902
214328
216182
216340
216687
217059
217077
217382
217644
217676
217850
218044
218403
218676
218954
219016
219228
220218
220291
220365
220443
220444
220611
220742
220824
221156
221239
221326
222093
222101
222389
222432
222512
222656
222664
222686
223639
226998
227507
227732
227804
228609
229143
229370
229604
229824
229860
230281
230693
230982
233082
233919
233966
234404
234492
235139
235272
235307
236556
237265
237833
238559
238823
239613
239658
239742
239834
240373
240890
241044
241195
241200
241594
242314
242317
242854
243458
243848
244120
244453
244486
244690
245114
245128
245186
245880
245887
246344
247337
249016
249947
251905
253088
253449
253694
254067
254150
254557
254664
254722
254968
255255
255858
260342
261217
261549
261616
262249
262327
263091
263254
263387
264342
264394
264433
265475
265894
265899
266842
267761
268289
268401
268697
269083
269461
269528
270085
270803
271136
271207
271416
271588
271688
271819
271864
271905
272103
273171
273222
273537
273923
274190
274207
274257
274668
275308
275621
277026
278537
279262
280379
280644
280932
281179
281396
281846
282015
282127
282244
283027
283385
283408
285241
286961
287074
288047
288489
288887
289113
289319
289393
289411
289769
289770
289787
290001
291001
291403
291455
292646
292891
293747
294597
294801
295396
295449
295536
295547
295637
295708
296293
296527
297512
297676
298208
298410
298539
300180
300698
301855
301993
302126
302462
302823
303220
303261
303873
303990
304394
304688
305386
305581
305939
307387
307722
307806
310429
310577
310592
310986
311752
311947
312866
312907
312948
313689
314378
314448
314747
315414
316117
316719
317272
317361
317682
318246
318251
318409
318508
319454
319981
320215
320717
321143
321607
322825
323291
323348
324362
324604
325049
325150
325706
326266
327818
328023
329803
329815
330276
330550
330564
331292
332146
332266
333287
334192
334311
335149
336358
336996
338818
338971
339724
340007
340101
340214
340581
340893
340909
341187
341787
342184
345232
346202
347164
347380
347731
347884
348491
349066
349341
350212
350691
350914
350960
351050
351129
351722
352084
352339
353328
353688
354167
354254
354339
354619
354638
355933
356367
356484
356580
356893
356992
357145
358331
358984
358996
359899
361224
361439
362783
363386
363829
364084
364718
365767
366635
367255
367596
369491
369999
370001
370090
370094
370618
370755
371184
371575
371755
372266
372805
372859
372891
373089
373262
373665
373957
374950
375114
375140
375201
375357
375605
376004
376127
376447
376551
377081
377401
377652
379166
379283
380485
380608
381286
381961
382025
382135
382294
383218
383721
384928
385036
386140
386245
388340
388930
389369
389455
390857
391854
391954
392691
397511
398517
399015
399553
399692
400254
400861
401221
401959
402234
402417
403198
404157
405603
406062
407562
407808
408596
408738
409093
409472
410210
410417
410453
410516
410562
411662
411869
412888
413146
415175
415511
417264
418349
419422
419571
421653
421748
422011
422091
422346
423127
423345
424121
424861
425829
425959
426867
426888
427188
427452
427892
428016
428429
428495
429419
430598
431388
431912
432088
432782
432898
433240
434109
434777
434917
434984
435070
435118
435374
435580
435973
436969
437890
439400
439510
439630
440172
441048
442955
443075
443083
443691
445805
446194
447506
447512
447586
448042
448296
449015
450350
451517
451765
452132
453406
453501
453616
453628
454237
454481
457519
457534
458025
458226
458695
458718
459409
460643
460736
461093
463377
464284
465454
465610
465678
465693
466512
466583
467451
468184
468566
469097
469197
470585
470873
472270
473143
473500
474421
474466
475119
475145
475476
475954
476705
477319
477415
477561
477838
478303
478912
479008
479059
480383
480395
480811
480910
480932
481203
482572
483686
484380
485752
485880
485992
486274
486672
487083
487771
487802
488013
488068
489825
491105
491582
491780
491939
492426
492573
492913
494119
494721
495013
495279
496284
496523
497593
497707
498182
498276
499023
499789
499976
499995
500336
500517
500800
501421
501732
502527
503292
503396
504235
504642
506207
506879
507395
508082
509791
509803
510369
510837
511335
512444
514678
514837
515539
515605
515972
516036
516288
516499
516965
518276
518513
518567
518569
518797
518847
519099
519486
520104
520560
521001
522185
522555
524958
525159
525537
527445
527866
527922
528783
529545
530021
530095
532343
532789
533639
534333
534383
535838
536623
536663
537004
537081
537689
537846
538036
538440
538454
538455
539857
540261
540763
543334
546986
547132
547827
548318
549140
551182
551379
551535
551626
551695
551884
552406
553120
554881
555637
555920
556114
556645
557166
557508
558340
559312
559515
559605
559871
559969
560035
560436
560587
560671
562338
562625
563519
563642
563798
564489
564647
565025
566699
566806
566950
566991
567506
567507
568925
569049
569135
570191
570974
571192
571353
571485
572588
572650
572767
573088
573908
575105
575325
575562
575629
576237
577498
578666
578712
578985
579018
579662
579695
579808
580008
580519
580837
581271
581634
581653
582368
582734
582735
584226
584263
585433
585563
585664
586553
587386
587556
588786
589342
589443
589908
590328
590592
590612
590961
591581
592136
592234
593486
593545
594163
594424
594700
595010
595443
595785
595882
599502
600753
601180
601972
602951
602989
603012
603187
603258
603555
604507
606881
606950
607491
607611
608132
608465
608709
608816
609138
609809
610027
610999
611337
612357
612460
612599
612921
613044
613174
613597
614314
614489
614833
614942
615088
615118
617417
617909
618458
618558
618992
620259
620324
620356
620595
620776
621061
621396
621505
621523
623153
623214
623459
623599
623842
624098
624285
624658
624961
626198
626214
627569
628638
628841
629137
630477
630527
630971
632356
632678
633695
634231
635692
635829
637016
637964
638585
638822
638828
638981
640444
641202
641329
642577
642691
642734
643361
643546
643904
644082
644660
644741
645296
645759
645789
645877
646025
646344
646437
646635
646697
646912
647796
648071
648495
648822
649086
649224
649591
651139
651634
653313
653620
654347
654534
655235
655555
655867
656623
656696
656746
657815
658116
659198
659392
659480
660339
660374
660539
660634
661189
661249
661552
662767
662812
663001
664062
664107
664118
664359
664365
664572
665878
667033
667561
668238
668349
668755
669049
669179
669395
670507
671265
671607
673216
673581
673735
674373
674639
675075
675355
675839
675958
677814
677987
680304
680665
680906
682923
683348
683596
683629
683903
685145
685395
685588
687643
687956
689675
690583
690640
690976
691640
692373
692514
693088
693154
693201
693782
693885
694728
694914
694935
695002
695399
695527
696693
699657
699808
700478
701979
702201
702251
703798
704620
704738
704964
705020
705025
705061
705074
705224
707895
707926
708861
708892
709133
709297
709509
709917
710235
710541
710711
711686
712382
713079
715384
715914
716141
717113
717213
718782
720306
721182
721515
721805
722055
722861
724074
724388
724750
725986
726376
726761
727318
727467
728675
729578
729884
729924
730603
731634
731750
731794
732346
732352
732936
732993
733044
733193
733538
733925
734783
735133
735305
735520
735535
735611
736863
737991
738326
738444
739700
740105
740259
740421
740737
740883
741057
741131
741223
741407
742473
742804
742958
743387
743721
744871
745224
745836
746353
748030
748833
749508
749911
750402
751041
752121
753640
753715
753796
754160
754349
755072
755487
755675
756048
756466
757865
757926
758296
758300
758454
758717
759234
759287
759739
759874
760948
762003
762051
762232
762390
762423
763126
763130
763185
763218
763467
763746
764421
765141
765179
766158
766435
766864
769220
769578
769950
770397
770491
770977
771499
771947
772143
772627
774134
774571
774688
775265
775411
775465
776358
777084
778655
779277
779349
780995
781243
781438
782324
783265
783424
784424
785183
785320
786356
786416
786419
786517
787176
788427
788625
788708
788900
789463
790260
790708
790867
791507
792134
792453
792516
792895
793278
793831
794176
794318
795460
796230
796883
797412
798009
798104
798293
798836
799155
799398
800258
800308
800534
800677
800976
801131
801588
801723
802372
803687
804007
804100
804105
804249
804442
805301
806494
806579
807068
807363
807468
807626
807841
809832
809882
810172
810634
810683
810721
810941
811847
813672
813842
813992
814409
815465
816186
816539
816779
817248
817283
817791
818184
818372
818514
818669
818736
819001
819182
819221
819581
819832
819857
820623
821486
822832
823555
823734
824561
824957
825107
825210
827260
827903
828508
828520
828589
828905
829037
829590
830604
830770
832270
832321
832489
833178
833487
833650
834664
835420
835690
835698
835897
837779
837854
838765
840161
840403
840567
841824
841927
842204
842312
842833
843016
843032
844123
845470
845595
846476
846629
846934
847408
847628
848152
848192
848453
848806
849320
849932
850008
850149
850865
852930
853605
855935
857238
858176
858700
858976
859281
860628
860685
860811
861136
861143
861177
861855
861991
862426
862596
862717
863127
863143
863673
864246
865774
865825
866054
866243
866333
866445
866446
866529
867311
868335
868362
868738
870167
871280
871909
873091
873623
874569
874842
875039
875688
875736
876014
876360
876730
876997
877561
879224
879852
880693
880725
880884
881063
881156
881258
881483
881697
881947
882422
883020
883946
884676
885201
886201
886640
886866
887048
887129
887505
887947
888643
888787
889208
889563
889957
890655
890854
891286
891478
892048
892299
893776
895785
896111
896521
896910
897727
898505
899137
899788
900137
900165
900435
900676
900872
900881
902213
902356
902588
903173
903643
904414
905803
906163
907278
907738
907860
908408
908660
908802
909157
909446
909631
909826
909918
910798
912474
912799
914753
915369
916058
916294
916788
917229
917448
919217
919510
920829
920914
920964
921636
921877
922028
922966
923163
923902
924493
925376
925773
927343
927822
928534
928984
929327
930407
930816
931059
931214
931717
932538
934196
934612
935027
936364
936961
937088
937437
937439
937765
937952
938944
939581
939639
940487
940632
941323
941542
942277
943289
944240
944444
944492
944740
944992
945113
945146
945505
946190
946749
947905
949025
949232
949284
949294
949402
949882
949937
950025
950216
950898
951214
951245
951864
952218
952362
952698
953109
953940
954170
954664
955075
955261
955268
955517
955721
956015
956390
957765
958387
959066
959974
959989
960051
960416
960471
960622
960650
960787
962957
962996
963374
963406
963535
963934
964027
964121
965585
965807
966318
967021
967324
967570
967820
968458
968633
968661
968768
969051
969207
970065
970344
971371
971404
971642
972124
972715
973271
973287
973963
974025
974879
975613
976285
976475
977134
977321
977493
977557
977614
977774
977782
977787
978280
978300
978438
978824
979125
979227
979520
979776
980101
980586
980881
981094
982106
982295
982366
983259
984029
984709
985100
985463
986202
986931
987494
988358
988568
988686
988702
988957
989046
989777
989936
990268
990722
990987
991191
991775
992224
993175
993397
994874
995184
995489
995740
996948
997258
997765
999104
999229
999552